Year,Site,Depth_band,Replicate,Video_name,Video_length_mins,Time,Genus,Epithet,Species,Number,Bites,Functional_group,Comment
2023,Arnedo,10,V1,GH010067,17:38,2:29,Chelinus,chlorourus,Chelinus chlorourus,1,0,Others,
2023,Arnedo,10,V1,GH010067,17:38,2:34,Chaetodon,kleinii,Chaetodon kleinii,1,0,Others,
2023,Arnedo,10,V1,GH010067,17:38,4:41,Acanthurus,nigrofuscus,Acanthurus nigrofuscus,1,0,Others,
2023,Arnedo,10,V1,GH010067,17:38,4:55,Cephalopholis,urodeta,Cephalopholis urodeta,1,0,Others,
2023,Arnedo,10,V1,GH010067,17:38,6:11,Acanthurus,nigrofuscus,Acanthurus nigrofuscus,1,0,Others,
2023,Arnedo,10,V1,GH010067,17:38,7:09,Halichoeres,nigrescens,Halichoeres nigrescens,1,0,Others,
2023,Arnedo,10,V1,GH010067,17:38,16:33,Chaetodon,kleinii,Chaetodon kleinii,1,0,Others,
2023,Arnedo,10,V1,GH010067,17:38,16:58,Chaetodon,kleinii,Chaetodon kleinii,1,0,Others,
2023,Arnedo,10,V1,GH010067,17:38,17:28,Chaetodon,kleinii,Chaetodon kleinii,1,0,Others,
2023,Arnedo,10,V1,GH020067,17:39,0:11,Acanthurus,nigrofuscus,Acanthurus nigrofuscus,1,0,Others,
2023,Arnedo,10,V1,GH020067,17:39,0:46,Acanthurus,nigrofuscus,Acanthurus nigrofuscus,1,0,Others,
2023,Arnedo,10,V1,GH020067,17:39,8:40,Chaetodon,kleinii,Chaetodon kleinii,1,0,Others,
2023,Arnedo,10,V1,GH020067,17:39,10:06,Naso,lituratus,Naso lituratus,1,0,Browser,
2023,Arnedo,10,V1,GH020067,17:39,10:22,Acanthurus,nigrofuscus,Acanthurus nigrofuscus,1,0,Others,
2023,Arnedo,10,V1,GH020067,17:39,14:55,Acanthurus,nigrofuscus,Acanthurus nigrofuscus,1,0,Others,
2023,Arnedo,10,V1,GH020067,17:39,15:39,Acanthurus,nigrofuscus,Acanthurus nigrofuscus,1,0,Others,
2023,Arnedo,10,V1,GH020067,17:39,16:35,Choerodon,anchorago,Choerodon anchorago,1,0,Others,
2023,Arnedo,10,V1,GH030067,17:39,2:52,Acanthurus,nigrofuscus,Acanthurus nigrofuscus,1,0,Others,
2023,Arnedo,10,V1,GH030067,17:39,3:44,Acanthurus,nigrofuscus,Acanthurus nigrofuscus,1,0,Others,
2023,Arnedo,10,V1,GH030067,17:39,6:52,Chaetodon,kleinii,Chaetodon kleinii,2,0,Others,
2023,Arnedo,10,V1,GH030067,17:39,8:15,Chelinus,chlorourus,Chelinus chlorourus,1,0,Others,
2023,Arnedo,10,V1,GH030067,17:39,10:20,Chaetodon,kleinii,Chaetodon kleinii,1,0,Others,
2023,Arnedo,10,V1,GH030067,17:39,10:35,Acanthurus,nigrofuscus,Acanthurus nigrofuscus,2,0,Others,
2023,Arnedo,10,V1,GH030067,17:39,12:39,Caesio,teres,Caesio teres,1,0,Others,
2023,Arnedo,10,V1,GH030067,17:39,16:54,Acanthurus,nigrofuscus,Acanthurus nigrofuscus,1,0,Others,
2023,Arnedo,10,V1,GH040067,17:38,0:32,Acanthurus,nigrofuscus,Acanthurus nigrofuscus,1,0,Others,
2023,Arnedo,10,V1,GH040067,17:38,5:03,Naso,lituratus,Naso lituratus,1,0,Browser,
2023,Arnedo,10,V1,GH040067,17:38,8:30,Cheilinus,chlorourus,Cheilinus chlorourus,1,0,Others,
2023,Arnedo,10,V1,GH040067,17:38,10:30,Parupeneus,multifasciatus,Parupeneus multifasciatus,1,0,Others,
2023,Arnedo,10,V1,GH040067,17:38,10:44,Acanthurus,nigrofuscus,Acanthurus nigrofuscus,2,0,Others,
2023,Arnedo,10,V1,GH040067,17:38,13:20,Chaetodon,kleinii,Chaetodon kleinii,1,0,Others,
2023,Arnedo,10,V1,GH040067,17:38,15:27,Naso,lituratus,Naso lituratus,1,70,Browser,Cont GH050067 but total bties recorded here
2023,Arnedo,10,V1,GH040067,17:38,16:03,Chelinus,chlorourus,Chelinus chlorourus,1,0,Others,
2023,Arnedo,10,V1,GH040067,17:38,16:03,Parupeneus,multifasciatus,Parupeneus multifasciatus,1,0,Others,
2023,Arnedo,10,V1,GH040067,17:38,16:36,Cephalopholis,urodeta,Cephalopholis urodeta,1,0,Others,
2023,Arnedo,10,V1,GH050067,17:39,1:15,Parupeneus,multifasciatus,Parupeneus multifasciatus,2,0,Others,
2023,Arnedo,10,V1,GH050067,17:39,1:19,Chaetodon,kleinii,Chaetodon kleinii,1,0,Others,
2023,Arnedo,10,V1,GH050067,17:39,1:50,Acanthurus,nigrofuscus,Acanthurus nigrofuscus,2,0,Others,
2023,Arnedo,10,V1,GH050067,17:39,4:45,Naso,lituratus,Naso lituratus,1,106,Browser,
2023,Arnedo,10,V1,GH050067,17:39,5:07,Chaetodon,kleinii,Chaetodon kleinii,1,0,Others,
2023,Arnedo,10,V1,GH050067,17:39,9:55,Chelinus,chlorourus,Chelinus chlorourus,1,0,Others,
2023,Arnedo,10,V1,GH050067,17:39,10:51,Acanthurus,nigrofuscus,Acanthurus nigrofuscus,1,0,Others,
2023,Arnedo,10,V1,GH050067,17:39,11:15,Chaetodon,citrinellus,Chaetodon citrinellus,2,0,Others,
2023,Arnedo,10,V1,GH050067,17:39,11:47,Acanthurus,nigrofuscus,Acanthurus nigrofuscus,1,0,Others,
2023,Arnedo,10,V1,GH050067,17:39,12:03,Naso,lituratus,Naso lituratus,1,178,Browser,Cont GH060067
2023,Arnedo,10,V1,GH050067,17:39,12:29,Chlorurus,spilurus,Chlorurus spilurus,1,0,Others,
2023,Arnedo,10,V1,GH050067,17:39,12:40,Acanthurus,nigrofuscus,Acanthurus nigrofuscus,1,0,Others,
2023,Arnedo,10,V1,GH050067,17:39,12:40,Chelinus,chlorourus,Chelinus chlorourus,1,0,Others,
2023,Arnedo,10,V1,GH050067,17:39,12:40,Parupeneus,multifasciatus,Parupeneus multifasciatus,1,0,Others,
2023,Arnedo,10,V1,GH050067,17:39,16:05,Chaetodon,kleinii,Chaetodon kleinii,1,0,Others,
2023,Arnedo,10,V1,GH050067,17:39,17:38,Chlorurus,spilurus,Chlorurus spilurus,1,0,Others,
2023,Arnedo,10,V1,GH0600067,17:39,2:03,Cheilinus,chlorourus,Cheilinus chlorourus,1,0,Others,
2023,Arnedo,10,V1,GH0600067,17:39,4:41,Acanthurus,nigrofuscus,Acanthurus nigrofuscus,1,0,Others,
2023,Arnedo,10,V1,GH0600067,17:39,5:07,Parupeneus,cyclostomus,Parupeneus cyclostomus,1,0,Others,
2023,Arnedo,10,V1,GH0600067,17:39,8:09,Acanthurus,nigrofuscus,Acanthurus nigrofuscus,2,0,Others,
2023,Arnedo,10,V1,GH0600067,17:39,8:13,Parupeneus,cyclostomus,Parupeneus cyclostomus,1,0,Others,
2023,Arnedo,10,V1,GH0600067,17:39,8:32,Parupeneus,multifasciatus,Parupeneus multifasciatus,1,0,Others,
2023,Arnedo,10,V1,GH0600067,17:39,11:32,Acanthurus,nigrofuscus,Acanthurus nigrofuscus,1,0,Others,
2023,Arnedo,10,V1,GH0600067,17:39,13:29,Chaetodon,kleinii,Chaetodon kleinii,1,0,Others,
2023,Arnedo,10,V1,GH0600067,17:39,15:37,Cheilinus,fasciatus,Cheilinus fasciatus,1,0,Others,
2023,Arnedo,10,V1,GH0600067,17:39,16:29,Acanthurus,nigrofuscus,Acanthurus nigrofuscus,2,0,Others,
2023,Arnedo,10,V1,GH0600067,17:39,17:15,Cheilinus,chlorourus,Cheilinus chlorourus,1,0,Others,
2023,Arnedo,10,V1,GH0600067,17:39,17:37,Parupeneus,multifasciatus,Parupeneus multifasciatus,2,0,Others,
2023,Arnedo,10,V1,GH070067,17:39,0:39,Chlorurus,spilurus,Chlorurus spilurus,1,0,Others,
2023,Arnedo,10,V1,GH070067,17:39,1:26,Parupeneus,multifasciatus,Parupeneus multifasciatus,1,0,Others,
2023,Arnedo,10,V1,GH070067,17:39,4:32,Acanthurus,nigrofuscus,Acanthurus nigrofuscus,1,0,Others,
2023,Arnedo,10,V1,GH070067,17:39,6:29,Cheilio,inermis,Cheilio inermis,1,0,Others,
2023,Arnedo,10,V1,GH070067,17:39,7:53,Acanthurus,nigrofuscus,Acanthurus nigrofuscus,1,0,Others,
2023,Arnedo,10,V1,GH070067,17:39,8:12,Naso,lituratus,Naso lituratus,1,29,Browser,
2023,Arnedo,10,V1,GH070067,17:39,9:03,Acanthurus,nigrofuscus,Acanthurus nigrofuscus,2,0,Others,
2023,Arnedo,10,V1,GH070067,17:39,12:50,Acanthurus,nigrofuscus,Acanthurus nigrofuscus,1,0,Others,
2023,Arnedo,10,V1,GH070067,17:39,14:41,Parupeneus,multifasciatus,Parupeneus multifasciatus,1,0,Others,
2023,Arnedo,10,V1,GH070067,17:39,16:54,Acanthurus,nigrofuscus,Acanthurus nigrofuscus,2,0,Others,
2023,Arnedo,10,V1,GH080067,17:38,0:50,Naso,lituratus,Naso lituratus,1,13,Browser,
2023,Arnedo,10,V1,GH080067,17:38,1:38,Acanthurus,nigrofuscus,Acanthurus nigrofuscus,1,0,Others,
2023,Arnedo,10,V1,GH080067,17:38,2:02,Chlorurus,spilurus,Chlorurus spilurus,1,0,Others,
2023,Arnedo,10,V1,GH080067,17:38,3:09,Chelinus,chlorourus,Chelinus chlorourus,1,0,Others,
2023,Arnedo,10,V1,GH080067,17:38,3:09,Acanthurus,nigrofuscus,Acanthurus nigrofuscus,1,0,Others,
2023,Arnedo,10,V1,GH080067,17:38,3:35,Naso,lituratus,Naso lituratus,1,29,Browser,
2023,Arnedo,10,V1,GH080067,17:38,8:09,Chlorurus,spilurus,Chlorurus spilurus,1,0,Others,
2023,Arnedo,10,V1,GH080067,17:38,8:42,Acanthurus,nigrofuscus,Acanthurus nigrofuscus,2,0,Others,
2023,Arnedo,10,V1,GH080067,17:38,9:04,Chelinus,chlorourus,Chelinus chlorourus,1,0,Others,
2023,Arnedo,10,V1,GH080067,17:38,12:25,Chlorurus,spilurus,Chlorurus spilurus,1,0,Others,
2023,Arnedo,10,V1,GH080067,17:38,12:46,Chaetodon,citrinellus,Chaetodon citrinellus,2,0,Others,
2023,Arnedo,10,V1,GH080067,17:38,13:27,Acanthurus,nigrofuscus,Acanthurus nigrofuscus,1,0,Others,
2023,Arnedo,10,V1,GH080067,17:38,14:57,Parupeneus,multifasciatus,Parupeneus multifasciatus,1,0,Others,
2023,Arnedo,10,V1,GH080067,17:38,16:08,Acanthurus,nigrofuscus,Acanthurus nigrofuscus,1,0,Others,
2023,Arnedo,10,V1,GH080067,17:38,16:49,Naso,lituratus,Naso lituratus,1,4,Browser,
2023,Arnedo,10,V1,GH080067,17:38,17:27,Acanthurus,nigrofuscus,Acanthurus nigrofuscus,2,0,Others,
2023,Arnedo,10,V1,GH080067,17:38,17:27,Parupeneus,multifasciatus,Parupeneus multifasciatus,1,0,Others,
2023,Arnedo,10,V1,GH080067,17:38,17:27,Chlorurus,spilurus,Chlorurus spilurus,1,0,Others,
2023,Arnedo,10,V1,GH090067,17:39,2:26,Acanthurus,nigrofuscus,Acanthurus nigrofuscus,3,0,Others,
2023,Arnedo,10,V1,GH090067,17:39,3:07,Naso,lituratus,Naso lituratus,1,15,Browser,
2023,Arnedo,10,V1,GH090067,17:39,8:49,Chaetodon,kleinii,Chaetodon kleinii,1,0,Others,
2023,Arnedo,10,V1,GH090067,17:39,12:07,Parupeneus,multifasciatus,Parupeneus multifasciatus,1,0,Others,
2023,Arnedo,10,V1,GH090067,17:39,13:16,Acanthurus,nigrofuscus,Acanthurus nigrofuscus,2,0,Others,
2023,Arnedo,10,V1,GH090067,17:39,14:21,Naso,lituratus,Naso lituratus,1,17,Browser,
2023,Arnedo,10,V1,GH100067,17:39,3:15,Chelinus,chlorourus,Chelinus chlorourus,1,0,Others,
2023,Arnedo,10,V1,GH100067,17:39,3:25,Cetoscarus,bicolor,Cetoscarus bicolor,1,0,Others,
2023,Arnedo,10,V1,GH100067,17:39,3:52,Acanthurus,nigrofuscus,Acanthurus nigrofuscus,1,0,Others,
2023,Arnedo,10,V1,GH100067,17:39,5:09,Parupeneus,multifasciatus,Parupeneus multifasciatus,1,0,Others,
2023,Arnedo,10,V1,GH100067,17:39,5:11,Thalassoma,lunare,Thalassoma lunare,1,0,Others,
2023,Arnedo,10,V1,GH100067,17:39,6:10,Coris,batuensis,Coris batuensis,1,0,Others,
2023,Arnedo,10,V1,GH100067,17:39,6:56,Cephalopholis,urodeta,Cephalopholis urodeta,1,0,Others,
2023,Arnedo,10,V1,GH100067,17:39,9:30,Cephalopholis,urodeta,Cephalopholis urodeta,1,0,Others,
2023,Arnedo,10,V1,GH100067,17:39,12:58,Acanthurus,nigrofuscus,Acanthurus nigrofuscus,2,0,Others,
2023,Arnedo,10,V1,GH100067,17:39,14:11,Cephalopholis,urodeta,Cephalopholis urodeta,1,0,Others,
2023,Arnedo,10,V1,GH100067,17:39,15:11,Chaetodon,kleinii,Chaetodon kleinii,2,0,Others,
2023,Arnedo,10,V1,GH100067,17:39,15:25,Naso,lituratus,Naso lituratus,1,11,Browser,
2023,Arnedo,10,V1,GH110067,17:39,0:19,Acanthurus,nigrofuscus,Acanthurus nigrofuscus,1,0,Others,
2023,Arnedo,10,V1,GH110067,17:39,1:12,Chaetodon,citrinellus,Chaetodon citrinellus,2,0,Others,
2023,Arnedo,10,V1,GH110067,17:39,5:17,Acanthurus,nigrofuscus,Acanthurus nigrofuscus,3,0,Others,
2023,Arnedo,10,V1,GH110067,17:39,8:11,Cephalopholis,urodeta,Cephalopholis urodeta,1,0,Others,
2023,Arnedo,10,V1,GH110067,17:39,10:34,Acanthurus,nigrofuscus,Acanthurus nigrofuscus,1,0,Others,
2023,Arnedo,10,V1,GH110067,17:39,15:44,Acanthurus,nigrofuscus,Acanthurus nigrofuscus,1,0,Others,
2023,Arnedo,10,V1,GH110067,17:39,17:33,Parupeneus,multifasciatus,Parupeneus multifasciatus,1,0,Others,
2023,Arnedo,10,V1,GH120067,17:38,4:24,Balistapus,undulatus,Balistapus undulatus,1,0,Others,
2023,Arnedo,10,V1,GH120067,17:38,4:36,Acanthurus,nigrofuscus,Acanthurus nigrofuscus,1,0,Others,
2023,Arnedo,10,V1,GH120067,17:38,6:56,Acanthurus,nigrofuscus,Acanthurus nigrofuscus,1,0,Others,
2023,Arnedo,10,V1,GH120067,17:38,8:29,Acanthurus,nigrofuscus,Acanthurus nigrofuscus,1,0,Others,
2023,Arnedo,10,V1,GH120067,17:38,14:37,Acanthurus,nigrofuscus,Acanthurus nigrofuscus,1,0,Others,
2023,Arnedo,10,V1,GH120067,17:38,15:25,Acanthurus,nigrofuscus,Acanthurus nigrofuscus,1,0,Others,
2023,Arnedo,10,V1,GH120067,17:38,15:55,Naso,lituratus,Naso lituratus,1,33,Browser,Cont in GH130067
2023,Arnedo,10,V1,GH120067,17:38,16:31,Cheilinus,chlorourus,Cheilinus chlorourus,1,0,Others,
2023,Arnedo,10,V1,GH130067,17:39,0:00,Naso,lituratus,Naso lituratus,1,56,Browser,Same individual as prev video (final bite count)
2023,Arnedo,10,V1,GH130067,17:39,2:05,Chaetodon,citrinellus,Chaetodon citrinellus,2,0,Others,
2023,Arnedo,10,V1,GH130067,17:39,2:14,Acanthurus,nigrofuscus,Acanthurus nigrofuscus,1,0,Others,
2023,Arnedo,10,V1,GH130067,17:39,5:16,Acanthurus,nigrofuscus,Acanthurus nigrofuscus,1,0,Others,
2023,Arnedo,10,V1,GH130067,17:39,6:21,Naso,lituratus,Naso lituratus,1,3,Browser,
2023,Arnedo,10,V1,GH130067,17:39,6:52,Acanthurus,nigrofuscus,Acanthurus nigrofuscus,1,0,Others,
2023,Arnedo,10,V1,GH130067,17:39,6:52,Chlorurus,spilurus,Chlorurus spilurus,1,0,Others,
2023,Arnedo,10,V1,GH130067,17:39,6:52,Cheilinus,chlorourus,Cheilinus chlorourus,1,0,Others,
2023,Arnedo,10,V1,GH130067,17:39,7:22,Chaetodon,citrinellus,Chaetodon citrinellus,1,0,Others,
2023,Arnedo,10,V1,GH130067,17:39,8:50,Ostracion,meleagris,Ostracion meleagris,1,0,Others,
2023,Arnedo,10,V1,GH130067,17:39,10:05,Fistularia,commersoni,Fistularia commersoni,1,0,Others,
2023,Arnedo,10,V1,GH130067,17:39,11:49,Naso,lituratus,Naso lituratus,1,0,Browser,
2023,Arnedo,10,V1,GH130067,17:39,11:59,Fistularia,commersoni,Fistularia commersoni,2,0,Others,
2023,Arnedo,10,V1,GH130067,17:39,12:41,Cephalopholis,urodeta,Cephalopholis urodeta,1,0,Others,
2023,Arnedo,10,V1,GH130067,17:39,13:35,Acanthurus,nigrofuscus,Acanthurus nigrofuscus,1,0,Others,
2023,Arnedo,10,V1,GH130067,17:39,16:45,Parupeneus,multifasciatus,Parupeneus multifasciatus,1,0,Others,
2023,Arnedo,10,V1,GH130067,17:39,16:50,Acanthurus,nigrofuscus,Acanthurus nigrofuscus,2,0,Others,
2023,Arnedo,10,V1,GH140067,17:39,1:00,Thalassoma,lunare,Thalassoma lunare,1,0,Others,
2023,Arnedo,10,V1,GH140067,17:39,1:14,Parupeneus,multifasciatus,Parupeneus multifasciatus,1,0,Others,
2023,Arnedo,10,V1,GH140067,17:39,5:24,Cephalopholis,urodeta,Cephalopholis urodeta,1,0,Others,
2023,Arnedo,10,V1,GH140067,17:39,9:30,Acanthurus,nigrofuscus,Acanthurus nigrofuscus,3,0,Others,
2023,Arnedo,10,V1,GH140067,17:39,9:40,Chaetodon,vagabundus,Chaetodon vagabundus,1,0,Others,
2023,Arnedo,10,V1,GH140067,17:39,13:01,Naso,lituratus,Naso lituratus,1,5,Browser,
2023,Arnedo,10,V1,GH140067,17:39,14:51,Cephalopholis,urodeta,Cephalopholis urodeta,1,0,Others,
2023,Arnedo,10,V1,GH140067,17:39,15:14,Chelinus,chlorourus,Chelinus chlorourus,1,0,Others,
2023,Arnedo,10,V1,GH140067,17:39,17:00,Chaetodon,kleinii,Chaetodon kleinii,2,0,Others,
2023,Arnedo,10,V1,GH150067,8:30,0:33,Naso,lituratus,Naso lituratus,1,0,Browser,
2023,Arnedo,10,V1,GH150067,8:30,1:17,Acanthurus,nigrofuscus,Acanthurus nigrofuscus,1,0,Others,
2023,Arnedo,10,V1,GH150067,8:30,1:17,Chaetodon,citrinellus,Chaetodon citrinellus,2,0,Others,
2023,Arnedo,10,V1,GH150067,8:30,4:00,Cheilinus,chlorourus,Cheilinus chlorourus,1,0,Others,
2023,Arnedo,10,V1,GH150067,8:30,6:06,Acanthurus,nigrofuscus,Acanthurus nigrofuscus,1,0,Others,
2023,Arnedo,10,V2,GH010056,17:38,2:44,Pomacentrus,coelestis,Pomacentrus coelestis,6,0,Others,
2023,Arnedo,10,V2,GH010056,17:38,3:01,Acanthurus,nigrofuscus,Acanthurus nigrofuscus,1,0,Others,
2023,Arnedo,10,V2,GH010056,17:38,3:08,Thalassoma,hardwicke,Thalassoma hardwicke,1,0,Others,
2023,Arnedo,10,V2,GH010056,17:38,5:56,Chromis,margaritifer,Chromis margaritifer,2,0,Others,
2023,Arnedo,10,V2,GH010056,17:38,6:35,Cephalopholis,urodeta,Cephalopholis urodeta,1,0,Others,
2023,Arnedo,10,V2,GH010056,17:38,6:47,Nemateleotris,magnifica,Nemateleotris magnifica,8,0,Others,
2023,Arnedo,10,V2,GH010056,17:38,8:32,Sufflamen,chrysopterus,Sufflamen chrysopterus,1,0,Others,
2023,Arnedo,10,V2,GH010056,17:38,9:16,Acanthurus,nigrofuscus,Acanthurus nigrofuscus,1,0,Others,
2023,Arnedo,10,V2,GH010056,17:38,12:32,Naso,lituratus,Naso lituratus,1,0,Browser,
2023,Arnedo,10,V2,GH010056,17:38,12:51,Acanthurus,nigrofuscus,Acanthurus nigrofuscus,2,0,Others,
2023,Arnedo,10,V2,GH010056,17:38,16:56,Sufflamen,chrysopterus,Sufflamen chrysopterus,1,0,Others,
2023,Arnedo,10,V2,GH010056,17:38,17:29,Naso,lituratus,Naso lituratus,1,0,Browser,
2023,Arnedo,10,V2,GH020056,17:38,1:02,Stethojulis,bandanensis,Stethojulis bandanensis,1,0,Others,
2023,Arnedo,10,V2,GH020056,17:38,1:10,Gomphosus,varius,Gomphosus varius,1,0,Others,
2023,Arnedo,10,V2,GH020056,17:38,1:14,Chromis,weberi,Chromis weberi,1,0,Others,
2023,Arnedo,10,V2,GH020056,17:38,3:05,Acanthurus,nigrofuscus,Acanthurus nigrofuscus,1,0,Others,
2023,Arnedo,10,V2,GH020056,17:38,3:12,Chaetodon,vagabundus,Chaetodon vagabundus,1,0,Others,
2023,Arnedo,10,V2,GH020056,17:38,8:22,Stethojulis,bandanensis,Stethojulis bandanensis,4,0,Others,
2023,Arnedo,10,V2,GH020056,17:38,9:39,Halichoeres,margariticeus,Halichoeres margariticeus,1,0,Others,
2023,Arnedo,10,V2,GH020056,17:38,9:44,Acanthurus,nigrofuscus,Acanthurus nigrofuscus,2,0,Others,
2023,Arnedo,10,V2,GH020056,17:38,10:41,Naso,lituratus,Naso lituratus,1,0,Browser,
2023,Arnedo,10,V2,GH020056,17:38,10:50,Chaetodon,kleinii,Chaetodon kleinii,1,0,Others,
2023,Arnedo,10,V2,GH020056,17:38,13:12,Naso,lituratus,Naso lituratus,1,0,Browser,
2023,Arnedo,10,V2,GH020056,17:38,16:11,Acanthurus,nigrofuscus,Acanthurus nigrofuscus,2,0,Others,
2023,Arnedo,10,V2,GH030056,17:39,0:51,Sufflamen,chrysopterus,Sufflamen chrysopterus,1,0,Others,
2023,Arnedo,10,V2,GH030056,17:39,1:19,Coris,gaimard,Coris gaimard,1,0,Others,
2023,Arnedo,10,V2,GH030056,17:39,1:21,Macropharyngdodon,meleagris,Macropharyngdodon meleagris,1,0,Others,
2023,Arnedo,10,V2,GH030056,17:39,1:39,Epibulus,insdiator,Epibulus insdiator,1,0,Others,
2023,Arnedo,10,V2,GH030056,17:39,3:36,Scarus,forsteni,Scarus forsteni,2,0,Others,
2023,Arnedo,10,V2,GH030056,17:39,3:51,Cephalopholis,urodeta,Cephalopholis urodeta,1,0,Others,
2023,Arnedo,10,V2,GH030056,17:39,4:04,Acanthurus,nigrofuscus,Acanthurus nigrofuscus,1,0,Others,
2023,Arnedo,10,V2,GH030056,17:39,6:52,Chlorurus,spilurus,Chlorurus spilurus,1,0,Others,
2023,Arnedo,10,V2,GH030056,17:39,8:32,Macropharyngdodon,meleagris,Macropharyngdodon meleagris,2,0,Others,
2023,Arnedo,10,V2,GH030056,17:39,9:01,Stethojulis,bandanensis,Stethojulis bandanensis,1,0,Others,
2023,Arnedo,10,V2,GH030056,17:39,9:19,Naso,lituratus,Naso lituratus,1,0,Browser,
2023,Arnedo,10,V2,GH030056,17:39,9:48,Acanthurus,nigrofuscus,Acanthurus nigrofuscus,2,0,Others,
2023,Arnedo,10,V2,GH030056,17:39,9:49,Cheilinus,chlorourus,Cheilinus chlorourus,1,0,Others,
2023,Arnedo,10,V2,GH030056,17:39,9:52,Chaetodon,kleinii,Chaetodon kleinii,1,0,Others,
2023,Arnedo,10,V2,GH030056,17:39,11:17,Parupeneus,multifasciatus,Parupeneus multifasciatus,2,0,Others,
2023,Arnedo,10,V2,GH030056,17:39,12:36,Cheilinus,chlorourus,Cheilinus chlorourus,1,0,Others,
2023,Arnedo,10,V2,GH030056,17:39,13:09,Acanthurus,nigrofuscus,Acanthurus nigrofuscus,3,0,Others,
2023,Arnedo,10,V2,GH030056,17:39,14:35,Macropharyngdodon,meleagris,Macropharyngdodon meleagris,1,0,Others,
2023,Arnedo,10,V2,GH040056,17:38,0:28,Centropyge,vroliki,Centropyge vroliki,1,0,Others,
2023,Arnedo,10,V2,GH040056,17:38,1:19,Epibulus,insdiator,Epibulus insdiator,1,0,Others,
2023,Arnedo,10,V2,GH040056,17:38,1:55,Naso,lituratus,Naso lituratus,2,0,Browser,
2023,Arnedo,10,V2,GH040056,17:38,4:26,Acanthurus,nigrofuscus,Acanthurus nigrofuscus,1,0,Others,
2023,Arnedo,10,V2,GH040056,17:38,4:33,Macropharyngdodon,meleagris,Macropharyngdodon meleagris,1,0,Others,
2023,Arnedo,10,V2,GH040056,17:38,5:39,Cheilinus,chlorourus,Cheilinus chlorourus,1,0,Others,
2023,Arnedo,10,V2,GH040056,17:38,5:39,Chaetodon,kleinii,Chaetodon kleinii,1,0,Others,
2023,Arnedo,10,V2,GH040056,17:38,6:18,Cephalopholis,urodeta,Cephalopholis urodeta,1,0,Others,
2023,Arnedo,10,V2,GH040056,17:38,6:37,Thalassoma,hardwicke,Thalassoma hardwicke,1,0,Others,
2023,Arnedo,10,V2,GH040056,17:38,6:51,Chaetodon,kleinii,Chaetodon kleinii,1,0,Others,
2023,Arnedo,10,V2,GH040056,17:38,10:08,Thalassoma,hardwicke,Thalassoma hardwicke,1,0,Others,
2023,Arnedo,10,V2,GH040056,17:38,12:04,Cheilinus,chlorourus,Cheilinus chlorourus,1,0,Others,
2023,Arnedo,10,V2,GH040056,17:38,13:12,Chlorurus,spilurus,Chlorurus spilurus,1,0,Others,
2023,Arnedo,10,V2,GH040056,17:38,16:13,Parupeneus,multifasciatus,Parupeneus multifasciatus,1,0,Others,
2023,Arnedo,10,V2,GH040056,17:38,17:07,Zanclus,cornutus,Zanclus cornutus,2,0,Others,
2023,Arnedo,10,V2,GH040056,17:38,17:16,Acanthurus,nigrofuscus,Acanthurus nigrofuscus,1,0,Others,
2023,Arnedo,10,V2,GH050056,17:39,0:05,Stethojulis,bandanensis,Stethojulis bandanensis,1,0,Others,
2023,Arnedo,10,V2,GH050056,17:39,3:24,Chaetodon,kleinii,Chaetodon kleinii,1,0,Others,
2023,Arnedo,10,V2,GH050056,17:39,4:57,Ctenochaetus,striatus,Ctenochaetus striatus,1,0,Others,
2023,Arnedo,10,V2,GH050056,17:39,5:59,Acanthurus,nigrofuscus,Acanthurus nigrofuscus,2,0,Others,
2023,Arnedo,10,V2,GH050056,17:39,6:35,Parupeneus,multifasciatus,Parupeneus multifasciatus,1,0,Others,
2023,Arnedo,10,V2,GH050056,17:39,7:05,Naso,lituratus,Naso lituratus,1,0,Browser,
2023,Arnedo,10,V2,GH050056,17:39,12:56,Stethojulis,bandanensis,Stethojulis bandanensis,2,0,Others,
2023,Arnedo,10,V2,GH060056,17:38,3:29,Acanthurus,nigrofuscus,Acanthurus nigrofuscus,2,0,Others,
2023,Arnedo,10,V2,GH060056,17:38,10:12,Sufflamen,chrysopterus,Sufflamen chrysopterus,1,0,Others,
2023,Arnedo,10,V2,GH060056,17:38,15:06,Centropyge,vroliki,Centropyge vroliki,1,0,Others,
2023,Arnedo,10,V2,GH070056,17:38,2:03,Naso,lituratus,Naso lituratus,1,0,Browser,
2023,Arnedo,10,V2,GH070056,17:38,7:34,Centropyge,vroliki,Centropyge vroliki,2,0,Others,
2023,Arnedo,10,V2,GH070056,17:38,10:20,Naso,lituratus,Naso lituratus,1,0,Browser,
2023,Arnedo,10,V2,GH070056,17:38,10:40,Acanthurus,nigrofuscus,Acanthurus nigrofuscus,1,0,Others,
2023,Arnedo,10,V2,GH070056,17:38,12:24,Cheilinus,chlorourus,Cheilinus chlorourus,2,0,Others,
2023,Arnedo,10,V2,GH070056,17:38,17:16,Parupeneus,multifasciatus,Parupeneus multifasciatus,1,0,Others,
2023,Arnedo,10,V2,GH080056,17:39,1:32,Acanthurus,nigrofuscus,Acanthurus nigrofuscus,1,0,Others,
2023,Arnedo,10,V2,GH080056,17:39,1:32,Parupeneus,multifasciatus,Parupeneus multifasciatus,1,0,Others,
2023,Arnedo,10,V2,GH080056,17:39,1:43,Sufflamen,chrysopterus,Sufflamen chrysopterus,1,0,Others,
2023,Arnedo,10,V2,GH080056,17:39,6:26,Naso,lituratus,Naso lituratus,1,0,Browser,
2023,Arnedo,10,V2,GH080056,17:39,6:55,Parupeneus,multifasciatus,Parupeneus multifasciatus,1,0,Others,
2023,Arnedo,10,V2,GH080056,17:39,10:51,Stethojulis,bandanensis,Stethojulis bandanensis,1,0,Others,
2023,Arnedo,10,V2,GH080056,17:39,11:46,Chaetodon,kleinii,Chaetodon kleinii,1,0,Others,
2023,Arnedo,10,V2,GH080056,17:39,15:40,Ctenochaetus,striatus,Ctenochaetus striatus,1,0,Others,
2023,Arnedo,10,V2,GH090056,17:39,0:21,Acanthurus,pyroferus,Acanthurus pyroferus,1,0,Others,
2023,Arnedo,10,V2,GH090056,17:39,0:36,Chelinus,chlorourus,Chelinus chlorourus,2,0,Others,
2023,Arnedo,10,V2,GH090056,17:39,1:00,Parupeneus,multifasciatus,Parupeneus multifasciatus,1,0,Others,
2023,Arnedo,10,V2,GH090056,17:39,1:11,Chaetodon,kleinii,Chaetodon kleinii,1,0,Others,
2023,Arnedo,10,V2,GH090056,17:39,1:27,Sufflamen,chrysopterus,Sufflamen chrysopterus,1,0,Others,
2023,Arnedo,10,V2,GH090056,17:39,7:45,Naso,lituratus,Naso lituratus,1,61,Browser,
2023,Arnedo,10,V2,GH090056,17:39,11:08,Chlorurus,spilurus,Chlorurus spilurus,1,0,Others,
2023,Arnedo,10,V2,GH090056,17:39,13:31,Acanthurus,nigrofuscus,Acanthurus nigrofuscus,1,0,Others,
2023,Arnedo,10,V2,GH090056,17:39,14:45,Naso,lituratus,Naso lituratus,1,3,Browser,
2023,Arnedo,10,V2,GH090056,17:39,16:11,Cheilinus,chlorourus,Cheilinus chlorourus,1,0,Others,
2023,Arnedo,10,V2,GH100056,17:39,1:17,Stethojulis,bandanensis,Stethojulis bandanensis,1,0,Others,
2023,Arnedo,10,V2,GH100056,17:39,3:17,Centropyge,vroliki,Centropyge vroliki,2,0,Others,
2023,Arnedo,10,V2,GH100056,17:39,3:20,Macropharyngdodon,meleagris,Macropharyngdodon meleagris,1,0,Others,
2023,Arnedo,10,V2,GH100056,17:39,3:39,Centropyge,vroliki,Centropyge vroliki,1,0,Others,
2023,Arnedo,10,V2,GH100056,17:39,7:01,Naso,lituratus,Naso lituratus,1,40,Browser,
2023,Arnedo,10,V2,GH100056,17:39,11:10,Chlorurus,spilurus,Chlorurus spilurus,1,0,Others,
2023,Arnedo,10,V2,GH100056,17:39,11:29,Acanthurus,nigrofuscus,Acanthurus nigrofuscus,1,0,Others,
2023,Arnedo,10,V2,GH110056,17:38,1:30,Cheilinus,chlorourus,Cheilinus chlorourus,1,0,Others,
2023,Arnedo,10,V2,GH110056,17:38,6:04,Sufflamen,chrysopterus,Sufflamen chrysopterus,1,0,Others,
2023,Arnedo,10,V2,GH110056,17:38,8:39,Cephalopholis,urodeta,Cephalopholis urodeta,1,0,Others,
2023,Arnedo,10,V2,GH110056,17:38,9:53,Acanthurus,nigrofuscus,Acanthurus nigrofuscus,1,0,Others,
2023,Arnedo,10,V2,GH110056,17:38,16:32,Naso,lituratus,Naso lituratus,1,0,Browser,
2023,Arnedo,10,V2,GH120056,17:38,0:07,Cheilinus,chlorourus,Cheilinus chlorourus,1,0,Others,
2023,Arnedo,10,V2,GH120056,17:38,0:09,Acanthurus,nigrofuscus,Acanthurus nigrofuscus,1,0,Others,
2023,Arnedo,10,V2,GH120056,17:38,0:23,Chaetodon,citrinellus,Chaetodon citrinellus,1,0,Others,
2023,Arnedo,10,V2,GH120056,17:38,1:02,Sufflamen,chrysopterus,Sufflamen chrysopterus,1,0,Others,
2023,Arnedo,10,V2,GH120056,17:38,2:51,Chaetodon,kleinii,Chaetodon kleinii,1,0,Others,
2023,Arnedo,10,V2,GH120056,17:38,4:08,Acanthurus,nigrofuscus,Acanthurus nigrofuscus,2,0,Others,
2023,Arnedo,10,V2,GH120056,17:38,4:21,Parupeneus,multifasciatus,Parupeneus multifasciatus,2,0,Others,
2023,Arnedo,10,V2,GH120056,17:38,9:15,Centropyge,vroliki,Centropyge vroliki,1,0,Others,
2023,Arnedo,10,V2,GH120056,17:38,12:33,Naso,lituratus,Naso lituratus,1,15,Browser,
2023,Arnedo,10,V2,GH120056,17:38,16:03,Cephalopholis,urodeta,Cephalopholis urodeta,2,0,Others,
2023,Arnedo,10,V2,GH130056,17:38,0:26,Cheilinus,chlorourus,Cheilinus chlorourus,1,0,Others,
2023,Arnedo,10,V2,GH130056,17:38,0:53,Acanthurus,nigrofuscus,Acanthurus nigrofuscus,2,0,Others,
2023,Arnedo,10,V2,GH130056,17:38,1:39,Fistularia,commersoni,Fistularia commersoni,2,0,Others,
2023,Arnedo,10,V2,GH130056,17:38,3:18,Naso,lituratus,Naso lituratus,1,89,Browser,
2023,Arnedo,10,V2,GH130056,17:38,12:57,Chaetodon,kleinii,Chaetodon kleinii,1,0,Others,
2023,Arnedo,10,V2,GH130056,17:38,14:01,Cheilinus,chlorourus,Cheilinus chlorourus,1,0,Others,
2023,Arnedo,10,V2,GH130056,17:38,14:19,Chaetodon,kleinii,Chaetodon kleinii,1,0,Others,
2023,Arnedo,10,V2,GH130056,17:38,16:32,Parupeneus,multifasciatus,Parupeneus multifasciatus,1,0,Others,
2023,Arnedo,10,V2,GH140056,17:39,3:13,Sufflamen,chrysopterus,Sufflamen chrysopterus,1,0,Others,
2023,Arnedo,10,V2,GH140056,17:39,4:07,Naso,lituratus,Naso lituratus,1,9,Browser,
2023,Arnedo,10,V2,GH140056,17:39,4:30,Acanthurus,nigrofuscus,Acanthurus nigrofuscus,2,0,Others,
2023,Arnedo,10,V2,GH140056,17:39,4:33,Naso,lituratus,Naso lituratus,1,0,Browser,
2023,Arnedo,10,V2,GH140056,17:39,4:54,Zanclus,cornutus,Zanclus cornutus,1,0,Others,
2023,Arnedo,10,V2,GH140056,17:39,6:00,Chaetodon,kleinii,Chaetodon kleinii,2,0,Others,
2023,Arnedo,10,V2,GH140056,17:39,6:31,Parupeneus,multifasciatus,Parupeneus multifasciatus,1,0,Others,
2023,Arnedo,10,V2,GH140056,17:39,7:16,Thalassoma,hardwicke,Thalassoma hardwicke,1,0,Others,
2023,Arnedo,10,V2,GH140056,17:39,7:42,Chlorurus,spilurus,Chlorurus spilurus,1,0,Others,
2023,Arnedo,10,V2,GH140056,17:39,7:59,Centropyge,vroliki,Centropyge vroliki,1,0,Others,
2023,Arnedo,10,V2,GH140056,17:39,8:21,Chaetodon,kleinii,Chaetodon kleinii,1,0,Others,
2023,Arnedo,10,V2,GH140056,17:39,8:51,Chaetodon,lunula,Chaetodon lunula,1,0,Others,
2023,Arnedo,10,V2,GH140056,17:39,9:00,Naso,lituratus,Naso lituratus,1,7,Browser,
2023,Arnedo,10,V2,GH140056,17:39,13:42,Cheilinus,chlorourus,Cheilinus chlorourus,1,0,Others,
2023,Arnedo,10,V2,GH150056,8:57,0:12,Acanthurus,nigrofuscus,Acanthurus nigrofuscus,3,0,Others,
2023,Arnedo,10,V2,GH150056,8:57,0:32,Naso,lituratus,Naso lituratus,1,12,Browser,
2023,Arnedo,10,V2,GH150056,8:57,4:03,Chaetodon,melannotus,Chaetodon melannotus,2,0,Others,
2023,Arnedo,10,V2,GH150056,8:57,4:24,Sufflamen,chrysopterus,Sufflamen chrysopterus,1,0,Others,
2023,Arnedo,10,V2,GH150056,8:57,4:29,Thalassoma,hardwicke,Thalassoma hardwicke,1,0,Others,
2023,Arnedo,10,V2,GH150056,8:57,5:50,Cheilinus,chlorourus,Cheilinus chlorourus,1,0,Others,
2023,Arnedo,10,V3,GH010071,11:47,0:13,Acanthurus,nigrofuscus,Acanthurus nigrofuscus,1,0,Others,
2023,Arnedo,10,V3,GH010071,11:47,0:43,Halichoeres,hortulanus,Halichoeres hortulanus,1,0,Others,
2023,Arnedo,10,V3,GH010071,11:47,0:46,Pomacentrus,coelestis,Pomacentrus coelestis,4,0,Others,
2023,Arnedo,10,V3,GH010071,11:47,0:48,Sufflamen,chrysopterus,Sufflamen chrysopterus,1,0,Others,
2023,Arnedo,10,V3,GH010071,11:47,1:29,Chaetodon,vagabundus,Chaetodon vagabundus,1,0,Others,
2023,Arnedo,10,V3,GH010071,11:47,9:39,Stethojulis,bandanensis,Stethojulis bandanensis,1,0,Others,
2023,Arnedo,10,V3,GH010071,11:47,10:19,Thalassoma,hardwicke,Thalassoma hardwicke,1,0,Others,
2023,Arnedo,10,V3,GH010071,11:47,10:39,Centropyge,vroliki,Centropyge vroliki,1,0,Others,
2023,Arnedo,10,V3,GH010071,11:47,11:15,Sufflamen,chrysopterus,Sufflamen chrysopterus,1,0,Others,
2023,Arnedo,10,V3,GH020071,11:48,0:17,Gomphosus,varius,Gomphosus varius,1,0,Others,
2023,Arnedo,10,V3,GH020071,11:48,0:20,Sufflamen,chrysopterus,Sufflamen chrysopterus,2,0,Others,
2023,Arnedo,10,V3,GH020071,11:48,0:31,Acanthurus,nigrofuscus,Acanthurus nigrofuscus,2,0,Others,
2023,Arnedo,10,V3,GH020071,11:48,2:01,Acanthurus,nigricans,Acanthurus nigricans,1,0,Others,
2023,Arnedo,10,V3,GH020071,11:48,2:48,Chlorurus,spilurus,Chlorurus spilurus,1,0,Others,
2023,Arnedo,10,V3,GH020071,11:48,2:53,Halichoeres,hortulanus,Halichoeres hortulanus,1,0,Others,
2023,Arnedo,10,V3,GH020071,11:48,4:09,Parupeneus,multifasciatus,Parupeneus multifasciatus,1,0,Others,
2023,Arnedo,10,V3,GH020071,11:48,4:45,Acanthurus,nigrofuscus,Acanthurus nigrofuscus,1,0,Others,
2023,Arnedo,10,V3,GH020071,11:48,4:47,Zanclus,cornutus,Zanclus cornutus,1,0,Others,
2023,Arnedo,10,V3,GH020071,11:48,4:50,Stethojulis,bandanensis,Stethojulis bandanensis,1,0,Others,
2023,Arnedo,10,V3,GH020071,11:48,5:08,Chaetodon,melannotus,Chaetodon melannotus,1,0,Others,
2023,Arnedo,10,V3,GH020071,11:48,5:22,Chaetodon,kleinii,Chaetodon kleinii,1,0,Others,
2023,Arnedo,10,V3,GH020071,11:48,5:54,Zanclus,cornutus,Zanclus cornutus,2,0,Others,
2023,Arnedo,10,V3,GH020071,11:48,5:58,Naso,lituratus,Naso lituratus,1,58,Browser,
2023,Arnedo,10,V3,GH020071,11:48,7:59,Ctenochaetus,striatus,Ctenochaetus striatus,1,0,Others,
2023,Arnedo,10,V3,GH020071,11:48,8:06,Chelinus,chlorourus,Chelinus chlorourus,1,0,Others,
2023,Arnedo,10,V3,GH020071,11:48,8:17,Centropyge,vroliki,Centropyge vroliki,1,0,Others,
2023,Arnedo,10,V3,GH020071,11:48,9:13,Hemigymnus,melapterus,Hemigymnus melapterus,1,0,Others,
2023,Arnedo,10,V3,GH020071,11:48,9:21,Chlorurus,spilurus,Chlorurus spilurus,1,0,Others,
2023,Arnedo,10,V3,GH020071,11:48,9:43,Zebrasoma,veliferum,Zebrasoma veliferum,2,0,Others,
2023,Arnedo,10,V3,GH020071,11:48,10:11,Anampses,scopas,Anampses scopas,1,0,Others,
2023,Arnedo,10,V3,GH020071,11:48,10:11,Naso,lituratus,Naso lituratus,1,0,Browser,
2023,Arnedo,20,V1,GH010091,17:38,5:09,Labracinus,cyclopthalmus,Labracinus cyclopthalmus,1,0,Others,
2023,Arnedo,20,V1,GH010091,17:38,8:07,Myripristis,kuntee,Myripristis kuntee,1,0,Others,
2023,Arnedo,20,V1,GH020091,17:38,5:51,Dascyllus,trimaculatus,Dascyllus trimaculatus,1,0,Others,
2023,Arnedo,20,V1,GH020091,17:38,12:56,Chaetodon,citrinellus,Chaetodon citrinellus,2,0,Others,
2023,Arnedo,20,V1,GH020091,17:38,15:24,Acanthurus,nigrofuscus,Acanthurus nigrofuscus,1,0,Others,
2023,Arnedo,20,V1,GH030091,17:38,0:33,Chaetodon,ornatus,Chaetodon ornatus,1,0,Others,
2023,Arnedo,20,V1,GH030091,17:38,1:41,Chlorurus,spilurus,Chlorurus spilurus,1,0,Others,
2023,Arnedo,20,V1,GH030091,17:38,3:48,Parupeneus,multifasciatus,Parupeneus multifasciatus,2,0,Others,
2023,Arnedo,20,V1,GH030091,17:38,4:06,Chaetodon,citrinellus,Chaetodon citrinellus,1,0,Others,
2023,Arnedo,20,V1,GH030091,17:38,6:48,Scarus,rivulatus,Scarus rivulatus,1,0,Others,
2023,Arnedo,20,V1,GH030091,17:38,6:52,Balistapus,undulatus,Balistapus undulatus,1,0,Others,
2023,Arnedo,20,V1,GH030091,17:38,8:14,Scarus,rivulatus,Scarus rivulatus,1,0,Others,
2023,Arnedo,20,V1,GH030091,17:38,8:46,Acanthurus,nigrofuscus,Acanthurus nigrofuscus,1,0,Others,
2023,Arnedo,20,V1,GH030091,17:38,9:08,Chaetodon,citrinellus,Chaetodon citrinellus,1,0,Others,
2023,Arnedo,20,V1,GH030091,17:38,9:16,Pomacentrus,philippinus,Pomacentrus philippinus,1,0,Others,
2023,Arnedo,20,V1,GH030091,17:38,9:58,Acanthurus,nigricans,Acanthurus nigricans,1,0,Others,
2023,Arnedo,20,V1,GH030091,17:38,11:33,Centropyge,bispinossa,Centropyge bispinossa,1,0,Others,
2023,Arnedo,20,V1,GH030091,17:38,12:56,Scarus,rivulatus,Scarus rivulatus,1,0,Others,
2023,Arnedo,20,V1,GH040091,17:38,1:19,Siganus,puellos,Siganus puellos,1,0,Others,
2023,Arnedo,20,V1,GH040091,17:38,2:54,Chaetodon,citrinellus,Chaetodon citrinellus,2,0,Others,
2023,Arnedo,20,V1,GH040091,17:38,3:21,Pomacentrus,adelus,Pomacentrus adelus,1,0,Others,
2023,Arnedo,20,V1,GH040091,17:38,3:56,Parupeneus,multifasciatus,Parupeneus multifasciatus,1,0,Others,
2023,Arnedo,20,V1,GH040091,17:38,6:34,Scarus,rivulatus,Scarus rivulatus,1,0,Others,
2023,Arnedo,20,V1,GH040091,17:38,7:02,Chaetodon,xanthurus,Chaetodon xanthurus,1,0,Others,
2023,Arnedo,20,V1,GH040091,17:38,10:12,Acanthurus,nigrofuscus,Acanthurus nigrofuscus,1,0,Others,
2023,Arnedo,20,V1,GH040091,17:38,10:41,Dascyllus,reticulatus,Dascyllus reticulatus,1,0,Others,
2023,Arnedo,20,V1,GH040091,17:38,13:05,Heniochus,acuminatus,Heniochus acuminatus,1,0,Others,
2023,Arnedo,20,V1,GH040091,17:38,15:00,Parupeneus,multifasciatus,Parupeneus multifasciatus,1,0,Others,
2023,Arnedo,20,V1,GH040091,17:38,17:10,Zanclus,cornutus,Zanclus cornutus,1,0,Others,
2023,Arnedo,20,V1,GH050091,17:39,1:29,Chlorurus,spilurus,Chlorurus spilurus,2,0,Others,
2023,Arnedo,20,V1,GH050091,17:39,2:20,Centropyge,vroliki,Centropyge vroliki,1,0,Others,
2023,Arnedo,20,V1,GH050091,17:39,2:32,Centropyge,bispinossa,Centropyge bispinossa,1,0,Others,
2023,Arnedo,20,V1,GH050091,17:39,4:01,Acanthurus,nigrofuscus,Acanthurus nigrofuscus,1,0,Others,
2023,Arnedo,20,V1,GH050091,17:39,11:24,Chaetodon,citrinellus,Chaetodon citrinellus,2,0,Others,
2023,Arnedo,20,V1,GH050091,17:39,11:24,Chlorurus,spilurus,Chlorurus spilurus,1,0,Others,
2023,Arnedo,20,V1,GH050091,17:39,12:00,Acanthurus,nigrofuscus,Acanthurus nigrofuscus,2,0,Others,
2023,Arnedo,20,V1,GH050091,17:39,12:47,Chaetodon,kleinii,Chaetodon kleinii,1,0,Others,
2023,Arnedo,20,V1,GH060091,17:39,1:51,Halichoeres,melanurus,Halichoeres melanurus,1,0,Others,
2023,Arnedo,20,V1,GH060091,17:39,7:36,Halichoeres,melanochir,Halichoeres melanochir,1,0,Others,
2023,Arnedo,20,V1,GH060091,17:39,7:59,Cheilinus,chlorourus,Cheilinus chlorourus,1,0,Others,
2023,Arnedo,20,V1,GH060091,17:39,7:59,Scarus,rivulatus,Scarus rivulatus,1,0,Others,
2023,Arnedo,20,V1,GH060091,17:39,9:21,Cheilinus,chlorourus,Cheilinus chlorourus,2,0,Others,
2023,Arnedo,20,V1,GH060091,17:39,9:26,Acanthurus,nigrofuscus,Acanthurus nigrofuscus,2,0,Others,
2023,Arnedo,20,V1,GH060091,17:39,10:06,Arothron,nigropunctatus,Arothron nigropunctatus,1,0,Others,
2023,Arnedo,20,V1,GH060091,17:39,13:25,Parupeneus,multifasciatus,Parupeneus multifasciatus,1,0,Others,
2023,Arnedo,20,V1,GH060091,17:39,16:00,Parupeneus,ulietensis,Parupeneus ulietensis,1,0,Others,
2023,Arnedo,20,V1,GH060091,17:39,16:16,Macropharyngdodon,meleagris,Macropharyngdodon meleagris,1,0,Others,
2023,Arnedo,20,V1,GH060091,17:39,16:56,Macropharyngdodon,meleagris,Macropharyngdodon meleagris,2,0,Others,
2023,Arnedo,20,V1,GH060091,17:39,16:56,Parupeneus,multifasciatus,Parupeneus multifasciatus,1,0,Others,
2023,Arnedo,20,V1,GH060091,17:39,16:56,Halichoeres,melanochir,Halichoeres melanochir,1,0,Others,
2023,Arnedo,20,V1,GH060091,17:39,17:04,Chlorurus,spilurus,Chlorurus spilurus,1,0,Others,
2023,Arnedo,20,V1,GH070091,17:39,0:11,Chlorurus,spilurus,Chlorurus spilurus,1,0,Others,
2023,Arnedo,20,V1,GH070091,17:39,0:29,Lutjanus,decussatus,Lutjanus decussatus,1,0,Others,
2023,Arnedo,20,V1,GH070091,17:39,2:59,Acanthurus,nigrofuscus,Acanthurus nigrofuscus,1,0,Others,
2023,Arnedo,20,V1,GH070091,17:39,3:07,Cheilinus,chlorourus,Cheilinus chlorourus,1,0,Others,
2023,Arnedo,20,V1,GH070091,17:39,4:38,Acanthurus,nigrofuscus,Acanthurus nigrofuscus,1,0,Others,
2023,Arnedo,20,V1,GH070091,17:39,4:45,Chromis,weberi,Chromis weberi,1,0,Others,
2023,Arnedo,20,V1,GH070091,17:39,5:55,Chlorurus,spilurus,Chlorurus spilurus,1,0,Others,
2023,Arnedo,20,V1,GH070091,17:39,7:58,Centropyge,vroliki,Centropyge vroliki,1,0,Others,
2023,Arnedo,20,V1,GH070091,17:39,8:12,Pomacentrus,adelus,Pomacentrus adelus,1,0,Others,
2023,Arnedo,20,V1,GH070091,17:39,8:44,Pterocaesio,pisang,Pterocaesio pisang,11,0,Others,
2023,Arnedo,20,V1,GH070091,17:39,11:53,Lutjanus,decussatus,Lutjanus decussatus,1,0,Others,
2023,Arnedo,20,V1,GH070091,17:39,13:21,Chaetodon,xanthurus,Chaetodon xanthurus,2,0,Others,
2023,Arnedo,20,V1,GH070091,17:39,13:44,Scarus,rivulatus,Scarus rivulatus,1,0,Others,
2023,Arnedo,20,V1,GH070091,17:39,14:00,Chaetodon,lunulatus,Chaetodon lunulatus,1,0,Others,
2023,Arnedo,20,V1,GH070091,17:39,16:59,Chaetodon,lunulatus,Chaetodon lunulatus,1,0,Others,
2023,Arnedo,20,V1,GH080091,17:38,0:40,Acanthurus,nigrofuscus,Acanthurus nigrofuscus,1,0,Others,Grazing by A. nigrofuscus
2023,Arnedo,20,V1,GH080091,17:38,0:40,Chaetodon,kleinii,Chaetodon kleinii,1,0,Others,
2023,Arnedo,20,V1,GH080091,17:38,1:22,Centropyge,bispinossa,Centropyge bispinossa,1,0,Others,
2023,Arnedo,20,V1,GH080091,17:38,1:43,Parupeneus,multifasciatus,Parupeneus multifasciatus,2,0,Others,
2023,Arnedo,20,V1,GH080091,17:38,2:04,Lutjanus,biguttatus,Lutjanus biguttatus,1,0,Others,
2023,Arnedo,20,V1,GH080091,17:38,2:04,Acanthurus,nigrofuscus,Acanthurus nigrofuscus,2,0,Others,
2023,Arnedo,20,V1,GH080091,17:38,2:27,Chaetodon,citrinellus,Chaetodon citrinellus,1,0,Others,
2023,Arnedo,20,V1,GH080091,17:38,2:36,Ctenochaetus,striatus,Ctenochaetus striatus,1,0,Others,
2023,Arnedo,20,V1,GH080091,17:38,2:56,Chaetodon,lunulatus,Chaetodon lunulatus,1,0,Others,
2023,Arnedo,20,V1,GH080091,17:38,4:11,Macropharyngdodon,meleagris,Macropharyngdodon meleagris,1,0,Others,
2023,Arnedo,20,V1,GH080091,17:38,6:20,Chaetodon,xanthurus,Chaetodon xanthurus,1,0,Others,
2023,Arnedo,20,V1,GH080091,17:38,6:40,Halichoeres,melanurus,Halichoeres melanurus,1,0,Others,
2023,Arnedo,20,V1,GH080091,17:38,6:40,Halichoeres,melanochir,Halichoeres melanochir,1,0,Others,
2023,Arnedo,20,V1,GH080091,17:38,9:47,Pomacentrus,adelus,Pomacentrus adelus,1,0,Others,
2023,Arnedo,20,V1,GH080091,17:38,14:39,Acanthurus,nigrofuscus,Acanthurus nigrofuscus,2,0,Others,
2023,Arnedo,20,V1,GH080091,17:38,15:25,Chlorurus,spilurus,Chlorurus spilurus,1,0,Others,
2023,Arnedo,20,V1,GH080091,17:38,15:34,Chaetodon,citrinellus,Chaetodon citrinellus,2,0,Others,
2023,Arnedo,20,V1,GH090091,17:38,7:48,Acanthurus,nigricans,Acanthurus nigricans,2,0,Others,
2023,Arnedo,20,V1,GH090091,17:38,12:20,Cheilinus,chlorourus,Cheilinus chlorourus,2,0,Others,
2023,Arnedo,20,V1,GH090091,17:38,14:24,Sufflamen,chrysopterus,Sufflamen chrysopterus,1,0,Others,
2023,Arnedo,20,V1,GH100091,17:39,7:02,Zanclus,cornutus,Zanclus cornutus,1,0,Others,
2023,Arnedo,20,V1,GH110091,17:38,1:58,Scarus,rivulatus,Scarus rivulatus,1,0,Others,
2023,Arnedo,20,V1,GH110091,17:38,4:05,Chaetodon,vagabundus,Chaetodon vagabundus,2,0,Others,
2023,Arnedo,20,V1,GH110091,17:38,4:14,Chaetodon,kleinii,Chaetodon kleinii,1,0,Others,
2023,Arnedo,20,V1,GH110091,17:38,6:07,Acanthurus,nigrofuscus,Acanthurus nigrofuscus,1,0,Others,
2023,Arnedo,20,V1,GH110091,17:38,7:00,Myripristis,kuntee,Myripristis kuntee,2,0,Others,
2023,Arnedo,20,V1,GH110091,17:38,10:58,Chaetodon,xanthurus,Chaetodon xanthurus,1,0,Others,
2023,Arnedo,20,V1,GH110091,17:38,13:00,Chaetodon,citrinellus,Chaetodon citrinellus,1,0,Others,
2023,Arnedo,20,V1,GH120091,17:38,13:41,Parupeneus,multifasciatus,Parupeneus multifasciatus,1,0,Others,
2023,Arnedo,20,V1,GH130091,17:38,2:36,Parupeneus,multifasciatus,Parupeneus multifasciatus,1,0,Others,
2023,Arnedo,20,V1,GH130091,17:38,2:36,Cheilinus,chlorourus,Cheilinus chlorourus,1,0,Others,
2023,Arnedo,20,V1,GH130091,17:38,7:10,Macropharyngdodon,meleagris,Macropharyngdodon meleagris,1,0,Others,
2023,Arnedo,20,V1,GH130091,17:38,11:42,Chaetodon,xanthurus,Chaetodon xanthurus,2,0,Others,
2023,Arnedo,20,V1,GH130091,17:38,13:00,Lutjanus,decussatus,Lutjanus decussatus,1,0,Others,
2023,Arnedo,20,V1,GH140091,17:39,5:35,Epibulus,insdiator,Epibulus insdiator,1,0,Others,
2023,Arnedo,20,V1,GH140091,17:39,5:35,Parupeneus,multifasciatus,Parupeneus multifasciatus,2,0,Others,
2023,Arnedo,20,V1,GH140091,17:39,7:46,Lutjanus,decussatus,Lutjanus decussatus,1,0,Others,
2023,Arnedo,20,V1,GH140091,17:39,8:35,Forcipiger,longirostris,Forcipiger longirostris,1,0,Others,
2023,Arnedo,20,V1,GH140091,17:39,10:45,Arothron,nigropunctatus,Arothron nigropunctatus,1,0,Others,
2023,Arnedo,20,V1,GH150091,8:17,8:17,None,None,None None,None,0,None,
2023,Arnedo,20,V2,GH010070,10:27,10:27,None,None,None None,None,0,None,
2023,Arnedo,20,V2,GH020070,11:48,0:16,Oxycheilinus,digramma,Oxycheilinus digramma,1,0,Others,
2023,Arnedo,20,V2,GH020070,11:48,2:04,Siganus,guttatus,Siganus guttatus,2,0,Others,
2023,Arnedo,20,V2,GH030070,11:47,0:57,Parupeneus,multifasciatus,Parupeneus multifasciatus,1,0,Others,
2023,Arnedo,20,V2,GH030070,11:47,1:01,Acanthurus,nigrofuscus,Acanthurus nigrofuscus,1,0,Others,
2023,Arnedo,20,V2,GH030070,11:47,2:10,Hipposcarus,longiceps,Hipposcarus longiceps,2,0,Others,
2023,Arnedo,20,V2,GH030070,11:47,7:36,Chlorurus,spilurus,Chlorurus spilurus,1,0,Others,
2023,Arnedo,20,V2,GH030070,11:47,7:36,Chaetodon,lunulatus,Chaetodon lunulatus,2,0,Others,
2023,Arnedo,20,V2,GH030070,11:47,7:54,Chaetodon,lunula,Chaetodon lunula,1,0,Others,
2023,Arnedo,20,V2,GH030070,11:47,9:58,Lutjanus,decussatus,Lutjanus decussatus,1,0,Others,
2023,Arnedo,20,V2,GH030070,11:47,11:26,Chaetodon,xanthurus,Chaetodon xanthurus,1,0,Others,
2023,Arnedo,20,V2,GH040070,11:47,0:18,Chaetodon,xanthurus,Chaetodon xanthurus,2,0,Others,
2023,Arnedo,20,V2,GH040070,11:47,2:51,Centropyge,vroliki,Centropyge vroliki,1,0,Others,
2023,Arnedo,20,V2,GH040070,11:47,4:05,Oxycheilinus,digramma,Oxycheilinus digramma,1,0,Others,
2023,Arnedo,20,V2,GH040070,11:47,4:40,Arothron,nigropunctatus,Arothron nigropunctatus,1,0,Others,
2023,Arnedo,20,V2,GH040070,11:47,6:35,Lutjanus,nebulosus,Lutjanus nebulosus,1,0,Others,
2023,Arnedo,20,V2,GH040070,11:47,7:01,Oxycheilinus,digramma,Oxycheilinus digramma,1,0,Others,
2023,Arnedo,20,V2,GH040070,11:47,7:01,Cantherhines,dumerili,Cantherhines dumerili,1,0,Others,
2023,Arnedo,20,V2,GH040070,11:47,7:40,Zanclus,cornutus,Zanclus cornutus,1,0,Others,
2023,Arnedo,20,V2,GH040070,11:47,7:52,Chaetodon,lunulatus,Chaetodon lunulatus,2,0,Others,
2023,Arnedo,20,V2,GH040070,11:47,8:03,Acanthurus,nigrofuscus,Acanthurus nigrofuscus,1,0,Others,
2023,Arnedo,20,V2,GH040070,11:47,8:27,Acanthurus,nigrofuscus,Acanthurus nigrofuscus,4,0,Others,Grazing
2023,Arnedo,20,V2,GH040070,11:47,8:49,Parupeneus,multifasciatus,Parupeneus multifasciatus,1,0,Others,
2023,Arnedo,20,V2,GH040070,11:47,9:25,Monotaxis,grandoculis,Monotaxis grandoculis,1,0,Others,
2023,Arnedo,20,V2,GH040070,11:47,9:34,Chlorurus,spilurus,Chlorurus spilurus,1,0,Others,
2023,Arnedo,20,V2,GH040070,11:47,1:36,Coris,aygula,Coris aygula,1,0,Others,
2023,Arnedo,20,V2,GH050070,11:47,0:31,Chromis,ternatensis,Chromis ternatensis,1,0,Others,
2023,Arnedo,20,V2,GH050070,11:47,4:06,Acanthurus,nigrofuscus,Acanthurus nigrofuscus,1,0,Others,
2023,Arnedo,20,V2,GH050070,11:47,4:11,Cephalopholis,urodeta,Cephalopholis urodeta,1,0,Others,
2023,Arnedo,20,V2,GH050070,11:47,5:06,Oxycheilinus,digramma,Oxycheilinus digramma,1,0,Others,
2023,Arnedo,20,V2,GH050070,11:47,5:12,Chaetodon,kleinii,Chaetodon kleinii,1,0,Others,
2023,Arnedo,20,V2,GH050070,11:47,8:15,Chaetodon,vagabundus,Chaetodon vagabundus,1,0,Others,
2023,Arnedo,20,V2,GH050070,11:47,9:17,Parupeneus,multifasciatus,Parupeneus multifasciatus,1,0,Others,
2023,Arnedo,20,V2,GH050070,11:47,9:17,Chaetodon,kleinii,Chaetodon kleinii,1,0,Others,
2023,Arnedo,20,V2,GH050070,11:47,9:28,Chaetodon,xanthurus,Chaetodon xanthurus,1,0,Others,
2023,Arnedo,20,V2,GH050070,11:47,9:40,Acanthurus,nigrofuscus,Acanthurus nigrofuscus,1,0,Others,
2023,Arnedo,20,V2,GH050070,11:47,11:03,Lutjanus,decussatus,Lutjanus decussatus,1,0,Others,
2023,Arnedo,20,V2,GH060070,11:47,0:12,Zanclus,cornutus,Zanclus cornutus,1,0,Others,
2023,Arnedo,20,V2,GH060070,11:47,0:23,Chlorurus,spilurus,Chlorurus spilurus,1,0,Others,
2023,Arnedo,20,V2,GH060070,11:47,0:23,Hipposcarus,longiceps,Hipposcarus longiceps,1,0,Others,
2023,Arnedo,20,V2,GH060070,11:47,4:34,Chaetodon,speculum,Chaetodon speculum,1,0,Others,
2023,Arnedo,20,V2,GH060070,11:47,5:27,Chaetodon,vagabundus,Chaetodon vagabundus,1,0,Others,
2023,Arnedo,20,V2,GH070070,11:47,0:15,Lutjanus,boutton,Lutjanus boutton,1,0,Others,
2023,Arnedo,20,V2,GH070070,11:47,0:26,Zanclus,cornutus,Zanclus cornutus,1,0,Others,
2023,Arnedo,20,V2,GH070070,11:47,1:08,Chaetodon,vagabundus,Chaetodon vagabundus,2,0,Others,
2023,Arnedo,20,V2,GH070070,11:47,1:08,Chlorurus,spilurus,Chlorurus spilurus,1,0,Others,
2023,Arnedo,20,V2,GH070070,11:47,1:13,Acanthurus,nigrofuscus,Acanthurus nigrofuscus,2,0,Others,
2023,Arnedo,20,V2,GH070070,11:47,1:19,Zanclus,cornutus,Zanclus cornutus,3,0,Others,
2023,Arnedo,20,V2,GH070070,11:47,3:23,Chaetodon,kleinii,Chaetodon kleinii,1,0,Others,
2023,Arnedo,20,V2,GH070070,11:47,3:55,Chaetodon,lunula,Chaetodon lunula,1,0,Others,
2023,Arnedo,20,V2,GH070070,11:47,4:13,Chlorurus,spilurus,Chlorurus spilurus,1,0,Others,
2023,Arnedo,20,V2,GH070070,11:47,6:18,Oxycheilinus,digramma,Oxycheilinus digramma,1,0,Others,
2023,Arnedo,20,V2,GH070070,11:47,6:18,Chromis,weberi,Chromis weberi,1,0,Others,
2023,Arnedo,20,V2,GH070070,11:47,6:30,Parupeneus,multifasciatus,Parupeneus multifasciatus,1,0,Others,
2023,Arnedo,20,V2,GH070070,11:47,6:57,Acanthurus,nigrofuscus,Acanthurus nigrofuscus,4,0,Others,Grazing
2023,Arnedo,20,V2,GH070070,11:47,7:14,Acanthurus,leuchocheilus,Acanthurus leuchocheilus,1,0,Others,
2023,Arnedo,20,V2,GH070070,11:47,9:51,Plotosus,lineatus,Plotosus lineatus,60,0,Others,
2023,Arnedo,20,V2,GH080070,11:48,0:06,Chlorurus,spilurus,Chlorurus spilurus,1,0,Others,
2023,Arnedo,20,V2,GH080070,11:48,0:29,Parupeneus,multifasciatus,Parupeneus multifasciatus,1,0,Others,
2023,Arnedo,20,V2,GH080070,11:48,0:55,Chaetodon,kleinii,Chaetodon kleinii,1,0,Others,
2023,Arnedo,20,V2,GH080070,11:48,2:20,Chlorurus,spilurus,Chlorurus spilurus,1,0,Others,
2023,Arnedo,20,V2,GH080070,11:48,6:49,Acanthurus,nigrofuscus,Acanthurus nigrofuscus,1,0,Others,
2023,Arnedo,20,V2,GH080070,11:48,8:42,Cheilinus,chlorourus,Cheilinus chlorourus,1,0,Others,
2023,Arnedo,20,V2,GH080070,11:48,9:29,Monotaxis,grandoculis,Monotaxis grandoculis,1,0,Others,
2023,Arnedo,20,V2,GH080070,11:48,10:15,Chlorurus,spilurus,Chlorurus spilurus,1,0,Others,
2023,Arnedo,20,V2,GH090070,11:47,0:09,Siganus,doliatus,Siganus doliatus,2,0,Browser,
2023,Arnedo,20,V2,GH090070,11:47,0:09,Parupeneus,multifasciatus,Parupeneus multifasciatus,1,0,Others,
2023,Arnedo,20,V2,GH090070,11:47,0:15,Acanthurus,nigrofuscus,Acanthurus nigrofuscus,2,0,Others,
2023,Arnedo,20,V2,GH090070,11:47,0:29,Chlorurus,spilurus,Chlorurus spilurus,2,0,Others,
2023,Arnedo,20,V2,GH090070,11:47,0:29,Monotaxis,grandoculis,Monotaxis grandoculis,1,0,Others,
2023,Arnedo,20,V2,GH090070,11:47,1:26,Cheilinus,chlorourus,Cheilinus chlorourus,1,0,Others,
2023,Arnedo,20,V2,GH090070,11:47,1:26,Lutjanus,decussatus,Lutjanus decussatus,1,0,Others,
2023,Arnedo,20,V2,GH090070,11:47,2:08,Zanclus,cornutus,Zanclus cornutus,1,0,Others,
2023,Arnedo,20,V2,GH090070,11:47,2:34,Cephalopholis,urodeta,Cephalopholis urodeta,1,0,Others,
2023,Arnedo,20,V2,GH090070,11:47,4:24,Chromis,weberi,Chromis weberi,1,0,Others,
2023,Arnedo,20,V2,GH090070,11:47,4:35,Chaetodon,kleinii,Chaetodon kleinii,2,0,Others,
2023,Arnedo,20,V2,GH090070,11:47,9:32,Chaetodon,xanthurus,Chaetodon xanthurus,1,0,Others,
2023,Arnedo,20,V2,GH090070,11:47,10:47,Parapercis,sp.,Parapercis sp.,1,0,Others,
2023,Arnedo,20,V2,GH100070,11:48,0:55,Chlorurus,spilurus,Chlorurus spilurus,1,0,Others,
2023,Arnedo,20,V2,GH110070,11:48,3:06,Lutjanus,decussatus,Lutjanus decussatus,1,0,Others,
2023,Arnedo,20,V2,GH110070,11:48,3:10,Acanthurus,nigrofuscus,Acanthurus nigrofuscus,1,0,Others,
2023,Arnedo,20,V2,GH110070,11:48,4:50,Centropyge,vroliki,Centropyge vroliki,1,0,Others,
2023,Arnedo,20,V2,GH110070,11:48,6:29,Chaetodon,xanthurus,Chaetodon xanthurus,1,0,Others,
2023,Arnedo,20,V2,GH110070,11:48,6:59,Hipposcarus,longiceps,Hipposcarus longiceps,2,0,Others,
2023,Arnedo,20,V2,GH110070,11:48,7:11,Oxycheilinus,digramma,Oxycheilinus digramma,1,0,Others,
2023,Arnedo,20,V2,GH110070,11:48,7:39,Forcipiger,longirostris,Forcipiger longirostris,1,0,Others,
2023,Arnedo,20,V2,GH110070,11:48,8:17,Acanthurus,nigrofuscus,Acanthurus nigrofuscus,1,0,Others,
2023,Arnedo,20,V2,GH110070,11:48,8:57,Monotaxis,grandoculis,Monotaxis grandoculis,1,0,Others,
2023,Arnedo,20,V2,GH110070,11:48,9:13,Chaetodon,kleinii,Chaetodon kleinii,1,0,Others,
2023,Arnedo,20,V2,GH110070,11:48,9:57,Acanthurus,grammoptilus,Acanthurus grammoptilus,1,0,Others,
2023,Arnedo,20,V2,GH110070,11:48,11:22,Acanthurus,nigrofuscus,Acanthurus nigrofuscus,2,0,Others,
2023,Arnedo,20,V2,GH120070,11:47,0:33,Chlorurus,spilurus,Chlorurus spilurus,1,0,Others,
2023,Arnedo,20,V2,GH120070,11:47,0:35,Chelinus,fasciatus,Chelinus fasciatus,1,0,Others,
2023,Arnedo,20,V2,GH120070,11:47,2:16,Acanthurus,nigrofuscus,Acanthurus nigrofuscus,1,0,Others,
2023,Arnedo,20,V2,GH120070,11:47,2:26,Zanclus,cornutus,Zanclus cornutus,2,0,Others,
2023,Arnedo,20,V2,GH120070,11:47,3:07,Chaetodon,xanthurus,Chaetodon xanthurus,2,0,Others,
2023,Arnedo,20,V2,GH120070,11:47,3:28,Oxycheilinus,digramma,Oxycheilinus digramma,1,0,Others,
2023,Arnedo,20,V2,GH120070,11:47,5:51,Acanthurus,nigrofuscus,Acanthurus nigrofuscus,1,0,Others,
2023,Arnedo,20,V2,GH120070,11:47,5:59,Parupeneus,multifasciatus,Parupeneus multifasciatus,1,0,Others,
2023,Arnedo,20,V2,GH120070,11:47,7:24,Lutjanus,boutton,Lutjanus boutton,1,0,Others,
2023,Arnedo,20,V2,GH120070,11:47,9:07,Caranx,melampygus,Caranx melampygus,2,0,Others,
2023,Arnedo,20,V2,GH130070,11:48,1:02,Oxycheilinus,digramma,Oxycheilinus digramma,1,0,Others,
2023,Arnedo,20,V2,GH130070,11:48,4:02,Zanclus,cornutus,Zanclus cornutus,2,0,Others,
2023,Arnedo,20,V2,GH130070,11:48,4:23,Acanthurus,nigrofuscus,Acanthurus nigrofuscus,1,0,Others,
2023,Arnedo,20,V2,GH130070,11:48,6:57,Acanthurus,nigrofuscus,Acanthurus nigrofuscus,5,0,Others,
2023,Arnedo,20,V2,GH130070,11:48,7:18,Coris,gaimard,Coris gaimard,1,0,Others,
2023,Arnedo,20,V2,GH130070,11:48,7:28,Parapercis,sp.,Parapercis sp.,1,0,Others,
2023,Arnedo,20,V2,GH130070,11:48,8:01,Chlorurus,spilurus,Chlorurus spilurus,1,0,Others,
2023,Arnedo,20,V2,GH130070,11:48,9:22,Cephalopholis,urodeta,Cephalopholis urodeta,1,0,Others,
2023,Arnedo,20,V2,GH130070,11:48,10:06,Cheilinus,chlorourus,Cheilinus chlorourus,1,0,Others,
2023,Arnedo,20,V2,GH130070,11:48,10:56,Chaetodon,kleinii,Chaetodon kleinii,2,0,Others,
2023,Arnedo,20,V2,GH140070,11:47,0:08,Chaetodon,xanthurus,Chaetodon xanthurus,1,0,Others,
2023,Arnedo,20,V2,GH140070,11:47,0:29,Chlorurus,spilurus,Chlorurus spilurus,1,0,Others,
2023,Arnedo,20,V2,GH140070,11:47,0:29,Chaetodon,kleinii,Chaetodon kleinii,1,0,Others,
2023,Arnedo,20,V2,GH140070,11:47,5:20,Acanthurus,nigrofuscus,Acanthurus nigrofuscus,1,0,Others,
2023,Arnedo,20,V2,GH140070,11:47,5:36,Coris,gaimard,Coris gaimard,1,0,Others,
2023,Arnedo,20,V2,GH140070,11:47,6:18,Lutjanus,decussatus,Lutjanus decussatus,1,0,Others,
2023,Arnedo,20,V2,GH140070,11:47,6:46,Acanthurus,nigrofuscus,Acanthurus nigrofuscus,2,0,Others,
2023,Arnedo,20,V2,GH140070,11:47,8:20,Chlorurus,spilurus,Chlorurus spilurus,1,0,Others,
2023,Arnedo,20,V2,GH140070,11:47,10:50,Lutjanus,decussatus,Lutjanus decussatus,1,0,Others,
2023,Arnedo,20,V2,GH150070,11:47,7:34,Canthigaster,valentini,Canthigaster valentini,1,0,Others,
2023,Arnedo,20,V2,GH160070,11:47,0:17,Acanthurus,grammoptilus,Acanthurus grammoptilus,1,0,Others,
2023,Arnedo,20,V2,GH160070,11:47,1:04,Zanclus,cornutus,Zanclus cornutus,2,0,Others,
2023,Arnedo,20,V2,GH160070,11:47,1:04,Chaetodon,vagabundus,Chaetodon vagabundus,2,0,Others,
2023,Arnedo,20,V2,GH160070,11:47,2:09,Chaetodon,xanthurus,Chaetodon xanthurus,1,0,Others,
2023,Arnedo,20,V2,GH160070,11:47,5:15,Acanthurus,nigrofuscus,Acanthurus nigrofuscus,2,0,Others,
2023,Arnedo,20,V2,GH160070,11:47,5:43,Zanclus,cornutus,Zanclus cornutus,2,0,Others,
2023,Arnedo,20,V2,GH160070,11:47,6:32,Parupeneus,multifasciatus,Parupeneus multifasciatus,1,0,Others,
2023,Arnedo,20,V2,GH160070,11:47,9:01,Cheilinus,fasciatus,Cheilinus fasciatus,1,0,Others,
2023,Arnedo,20,V2,GH160070,11:47,9:36,Acanthurus,grammoptilus,Acanthurus grammoptilus,2,0,Others,
2023,Arnedo,20,V2,GH160070,11:47,11:17,Chaetodon,xanthurus,Chaetodon xanthurus,2,0,Others,
2023,Arnedo,20,V2,GH160070,11:47,11:17,Acanthurus,nigrofuscus,Acanthurus nigrofuscus,1,0,Others,
2023,Arnedo,20,V2,GH160070,11:47,11:28,Centropyge,vroliki,Centropyge vroliki,2,0,Others,
2023,Arnedo,20,V2,GH170070,11:48,0:10,Chaetodon,lunulatus,Chaetodon lunulatus,2,0,Others,
2023,Arnedo,20,V2,GH170070,11:48,4:38,Oxycheilinus,digramma,Oxycheilinus digramma,1,0,Others,
2023,Arnedo,20,V2,GH170070,11:48,6:47,Chaetodon,kleinii,Chaetodon kleinii,1,0,Others,
2023,Arnedo,20,V2,GH170070,11:48,7:12,Parupeneus,multifasciatus,Parupeneus multifasciatus,1,0,Others,
2023,Arnedo,20,V2,GH170070,11:48,7:39,Zanclus,cornutus,Zanclus cornutus,1,0,Others,
2023,Arnedo,20,V2,GH170070,11:48,9:31,Parapercis,sp.,Parapercis sp.,1,0,Others,
2023,Arnedo,20,V2,GH170070,11:48,9:41,Lutjanus,decussatus,Lutjanus decussatus,1,0,Others,
2023,Arnedo,20,V2,GH170070,11:48,10:36,Centropyge,vroliki,Centropyge vroliki,1,0,Others,
2023,Arnedo,20,V2,GH180070,11:48,2:54,Acanthurus,nigrofuscus,Acanthurus nigrofuscus,3,0,Others,Grazing
2023,Arnedo,20,V2,GH180070,11:48,9:23,Acanthurus,grammoptilus,Acanthurus grammoptilus,1,0,Others,
2023,Arnedo,20,V2,GH190070,11:47,5:13,Acanthurus,nigrofuscus,Acanthurus nigrofuscus,1,0,Others,
2023,Arnedo,20,V2,GH190070,11:47,7:11,Lutjanus,boutton,Lutjanus boutton,1,0,Others,
2023,Arnedo,20,V2,GH200070,11:47,0:32,Acanthurus,nigrofuscus,Acanthurus nigrofuscus,1,0,Others,
2023,Arnedo,20,V2,GH200070,11:47,4:07,Chaetodon,kleinii,Chaetodon kleinii,1,0,Others,
2023,Arnedo,20,V2,GH200070,11:47,7:44,Zanclus,cornutus,Zanclus cornutus,2,0,Others,
2023,Arnedo,20,V2,GH210070,9:32,1:12,Cheilinus,chlorourus,Cheilinus chlorourus,1,0,Others,
2023,Arnedo,20,V2,GH210070,9:32,2:15,Cephalopholis,urodeta,Cephalopholis urodeta,1,0,Others,
2023,Arnedo,20,V2,GH210070,9:32,2:17,Cheilinus,fasciatus,Cheilinus fasciatus,1,0,Others,
2023,Arnedo,20,V2,GH210070,9:32,3:14,Canthigaster,valentini,Canthigaster valentini,1,0,Others,
2023,Arnedo,20,V2,GH210070,9:32,3:34,Acanthurus,nigrofuscus,Acanthurus nigrofuscus,1,0,Others,
2023,Arnedo,20,V2,GH210070,9:32,3:42,Chaetodon,kleinii,Chaetodon kleinii,1,0,Others,
2023,Arnedo,20,V2,GH210070,9:32,5:35,Chaetodon,kleinii,Chaetodon kleinii,1,0,Others,
2023,Arnedo,20,V3,GH010071,14:16,3:33,Acanthurus,nigrofuscus,Acanthurus nigrofuscus,1,0,Others,
2023,Arnedo,20,V3,GH010071,14:16,5:01,Cephalopholis,urodeta,Cephalopholis urodeta,1,0,Others,
2023,Arnedo,20,V3,GH010071,14:16,7:44,Chlorurus,spilurus,Chlorurus spilurus,1,0,Others,
2023,Arnedo,20,V3,GH010071,14:16,8:20,Chaetodon,vagabundus,Chaetodon vagabundus,1,0,Others,
2023,Arnedo,20,V3,GH010071,14:16,8:23,Naso,lituratus,Naso lituratus,1,0,Browser,
2023,Arnedo,20,V3,GH010071,14:16,8:47,Acanthurus,nigrofuscus,Acanthurus nigrofuscus,1,0,Others,Grazing
2023,Arnedo,20,V3,GH010071,14:16,11:44,Labracinus,cyclopthalmus,Labracinus cyclopthalmus,1,0,Others,
2023,Arnedo,20,V3,GH020071,17:38,2:16,Chlorurus,spilurus,Chlorurus spilurus,1,0,Others,
2023,Arnedo,20,V3,GH020071,17:38,4:23,Balistapus,undulatus,Balistapus undulatus,1,0,Others,
2023,Arnedo,20,V3,GH020071,17:38,5:13,Acanthurus,nigrofuscus,Acanthurus nigrofuscus,2,0,Others,
2023,Arnedo,20,V3,GH020071,17:38,5:46,Chlorurus,spilurus,Chlorurus spilurus,1,0,Others,
2023,Arnedo,20,V3,GH020071,17:38,5:49,Hipposcarus,longiceps,Hipposcarus longiceps,1,0,Others,
2023,Arnedo,20,V3,GH020071,17:38,8:35,Chlorurus,spilurus,Chlorurus spilurus,1,0,Others,
2023,Arnedo,20,V3,GH020071,17:38,9:16,Chaetodon,kleinii,Chaetodon kleinii,1,0,Others,
2023,Arnedo,20,V3,GH020071,17:38,9:59,Balistapus,undulatus,Balistapus undulatus,1,0,Others,
2023,Arnedo,20,V3,GH020071,17:38,10:56,Chaetodon,xanthurus,Chaetodon xanthurus,2,0,Others,
2023,Arnedo,20,V3,GH020071,17:38,16:51,Acanthurus,nigricans,Acanthurus nigricans,1,0,Others,
2023,Arnedo,20,V3,GH030071,17:38,0:26,Chlorurus,spilurus,Chlorurus spilurus,1,0,Others,
2023,Arnedo,20,V3,GH030071,17:38,0:54,Centropyge,vroliki,Centropyge vroliki,1,0,Others,
2023,Arnedo,20,V3,GH030071,17:38,3:04,Centropyge,heraldi,Centropyge heraldi,1,0,Others,
2023,Arnedo,20,V3,GH030071,17:38,3:05,Centropyge,vroliki,Centropyge vroliki,2,0,Others,Grazing
2023,Arnedo,20,V3,GH030071,17:38,3:18,Acanthurus,nigrofuscus,Acanthurus nigrofuscus,1,0,Others,
2023,Arnedo,20,V3,GH030071,17:38,4:23,Cephalopholis,urodeta,Cephalopholis urodeta,1,0,Others,
2023,Arnedo,20,V3,GH030071,17:38,5:15,Chaetodon,xanthurus,Chaetodon xanthurus,1,0,Others,
2023,Arnedo,20,V3,GH030071,17:38,7:27,Acanthurus,nigrofuscus,Acanthurus nigrofuscus,2,0,Others,
2023,Arnedo,20,V3,GH030071,17:38,9:25,Canthigaster,valentini,Canthigaster valentini,1,0,Others,
2023,Arnedo,20,V3,GH030071,17:38,9:34,Chlorurus,spilurus,Chlorurus spilurus,1,0,Others,
2023,Arnedo,20,V3,GH030071,17:38,9:37,Parupeneus,multifasciatus,Parupeneus multifasciatus,1,0,Others,
2023,Arnedo,20,V3,GH030071,17:38,12:05,Acanthurus,nigrofuscus,Acanthurus nigrofuscus,3,0,Others,
2023,Arnedo,20,V3,GH030071,17:38,12:18,Chlorurus,spilurus,Chlorurus spilurus,1,0,Others,
2023,Arnedo,20,V3,GH030071,17:38,12:18,Cheilinus,chlorourus,Cheilinus chlorourus,2,0,Others,
2023,Arnedo,20,V3,GH030071,17:38,12:18,Acanthurus,nigrofuscus,Acanthurus nigrofuscus,2,0,Others,
2023,Arnedo,20,V3,GH030071,17:38,12:18,Centropyge,heraldi,Centropyge heraldi,1,0,Others,
2023,Arnedo,20,V3,GH030071,17:38,12:25,Macropharyngdodon,meleagris,Macropharyngdodon meleagris,1,0,Others,
2023,Arnedo,20,V3,GH030071,17:38,12:41,Centropyge,vroliki,Centropyge vroliki,1,0,Others,
2023,Arnedo,20,V3,GH040071,17:38,0:55,Chlorurus,spilurus,Chlorurus spilurus,1,0,Others,
2023,Arnedo,20,V3,GH040071,17:38,0:55,Acanthurus,nigrofuscus,Acanthurus nigrofuscus,1,0,Others,
2023,Arnedo,20,V3,GH040071,17:38,0:59,Centropyge,heraldi,Centropyge heraldi,1,0,Others,
2023,Arnedo,20,V3,GH040071,17:38,3:18,Parupeneus,multifasciatus,Parupeneus multifasciatus,1,0,Others,
2023,Arnedo,20,V3,GH040071,17:38,3:26,Oxycheilinus,digramma,Oxycheilinus digramma,1,0,Others,
2023,Arnedo,20,V3,GH040071,17:38,3:31,Cephalopholis,urodeta,Cephalopholis urodeta,1,0,Others,
2023,Arnedo,20,V3,GH040071,17:38,3:47,Acanthurus,nigricans,Acanthurus nigricans,1,0,Others,
2023,Arnedo,20,V3,GH040071,17:38,3:47,Macropharyngdodon,meleagris,Macropharyngdodon meleagris,1,0,Others,
2023,Arnedo,20,V3,GH040071,17:38,3:47,Acanthurus,nigrofuscus,Acanthurus nigrofuscus,1,0,Others,
2023,Arnedo,20,V3,GH040071,17:38,3:47,Cheilinus,chlorourus,Cheilinus chlorourus,1,0,Others,
2023,Arnedo,20,V3,GH040071,17:38,4:06,Naso,lituratus,Naso lituratus,1,0,Browser,
2023,Arnedo,20,V3,GH040071,17:38,5:50,Bodianus,mesothorax,Bodianus mesothorax,1,0,Others,
2023,Arnedo,20,V3,GH040071,17:38,5:50,Centropyge,vroliki,Centropyge vroliki,2,0,Others,
2023,Arnedo,20,V3,GH040071,17:38,8:24,Chaetodon,punctatofasciatus,Chaetodon punctatofasciatus,1,0,Others,
2023,Arnedo,20,V3,GH040071,17:38,8:55,Centropyge,vroliki,Centropyge vroliki,1,0,Others,
2023,Arnedo,20,V3,GH040071,17:38,9:44,Cheilinus,chlorourus,Cheilinus chlorourus,1,0,Others,
2023,Arnedo,20,V3,GH040071,17:38,17:37,Parupeneus,multifasciatus,Parupeneus multifasciatus,1,0,Others,
2023,Arnedo,20,V3,GH050071,17:38,3:06,Chelinus,chlorourus,Chelinus chlorourus,1,0,Others,
2023,Arnedo,20,V3,GH050071,17:38,5:26,Naso,lituratus,Naso lituratus,1,0,Browser,
2023,Arnedo,20,V3,GH050071,17:38,5:31,Balistapus,undulatus,Balistapus undulatus,1,0,Others,
2023,Arnedo,20,V3,GH050071,17:38,5:51,Naso,lituratus,Naso lituratus,1,0,Browser,
2023,Arnedo,20,V3,GH050071,17:38,6:24,Acanthurus,nigrofuscus,Acanthurus nigrofuscus,1,0,Others,
2023,Arnedo,20,V3,GH050071,17:38,7:13,Acanthurus,nigricans,Acanthurus nigricans,1,0,Others,
2023,Arnedo,20,V3,GH050071,17:38,7:57,Acanthurus,nigricans,Acanthurus nigricans,2,0,Others,
2023,Arnedo,20,V3,GH050071,17:38,14:29,Centropyge,heraldi,Centropyge heraldi,1,0,Others,
2023,Arnedo,20,V3,GH050071,17:38,16:19,Cheilinus,chlorourus,Cheilinus chlorourus,2,0,Others,
2023,Arnedo,20,V3,GH050071,17:38,16:19,Acanthurus,nigrofuscus,Acanthurus nigrofuscus,1,0,Others,
2023,Arnedo,20,V3,GH050071,17:38,17:30,Centropyge,vroliki,Centropyge vroliki,2,0,Others,
2023,Arnedo,20,V3,GH050071,17:38,17:30,Cheilinus,chlorourus,Cheilinus chlorourus,2,0,Others,
2023,Arnedo,20,V3,GH060071,17:38,0:35,Macropharyngdodon,meleagris,Macropharyngdodon meleagris,1,0,Others,
2023,Arnedo,20,V3,GH060071,17:38,2:36,Naso,lituratus,Naso lituratus,1,0,Browser,
2023,Arnedo,20,V3,GH060071,17:38,2:58,Balistapus,undulatus,Balistapus undulatus,1,0,Others,
2023,Arnedo,20,V3,GH060071,17:38,3:57,Chaetodon,punctatofasciatus,Chaetodon punctatofasciatus,2,0,Others,
2023,Arnedo,20,V3,GH060071,17:38,4:04,Acanthurus,nigrofuscus,Acanthurus nigrofuscus,2,0,Others,
2023,Arnedo,20,V3,GH060071,17:38,4:04,Centropyge,vroliki,Centropyge vroliki,1,0,Others,
2023,Arnedo,20,V3,GH060071,17:38,7:27,Parupeneus,multifasciatus,Parupeneus multifasciatus,1,0,Others,
2023,Arnedo,20,V3,GH060071,17:38,7:50,Naso,lituratus,Naso lituratus,1,0,Browser,
2023,Arnedo,20,V3,GH060071,17:38,9:10,Balistapus,undulatus,Balistapus undulatus,1,0,Others,
2023,Arnedo,20,V3,GH060071,17:38,12:47,Acanthurus,nigrofuscus,Acanthurus nigrofuscus,1,0,Others,
2023,Arnedo,20,V3,GH060071,17:38,13:30,Centropyge,vroliki,Centropyge vroliki,2,0,Others,
2023,Arnedo,20,V3,GH060071,17:38,16:22,Acanthurus,nigricans,Acanthurus nigricans,1,0,Others,
2023,Arnedo,20,V3,GH070071,17:38,0:13,Cephalopholis,urodeta,Cephalopholis urodeta,1,0,Others,
2023,Arnedo,20,V3,GH070071,17:38,0:48,Chlorurus,spilurus,Chlorurus spilurus,2,0,Others,
2023,Arnedo,20,V3,GH070071,17:38,1:10,Acanthurus,nigrofuscus,Acanthurus nigrofuscus,1,0,Others,
2023,Arnedo,20,V3,GH070071,17:38,1:15,Pomacentrus,stigma,Pomacentrus stigma,3,0,Others,
2023,Arnedo,20,V3,GH070071,17:38,1:27,Balistapus,undulatus,Balistapus undulatus,1,0,Others,
2023,Arnedo,20,V3,GH070071,17:38,1:54,Centropyge,vroliki,Centropyge vroliki,1,0,Others,
2023,Arnedo,20,V3,GH070071,17:38,2:11,Naso,lituratus,Naso lituratus,2,0,Browser,
2023,Arnedo,20,V3,GH070071,17:38,2:20,Lutjanus,decussatus,Lutjanus decussatus,1,0,Others,
2023,Arnedo,20,V3,GH070071,17:38,2:28,Chaetodon,kleinii,Chaetodon kleinii,1,0,Others,
2023,Arnedo,20,V3,GH070071,17:38,3:14,Acanthurus,nigrofuscus,Acanthurus nigrofuscus,2,0,Others,
2023,Arnedo,20,V3,GH070071,17:38,3:19,Centropyge,heraldi,Centropyge heraldi,1,0,Others,
2023,Arnedo,20,V3,GH070071,17:38,3:59,Centropyge,vroliki,Centropyge vroliki,3,0,Others,
2023,Arnedo,20,V3,GH070071,17:38,3:59,Macropharyngdodon,meleagris,Macropharyngdodon meleagris,1,0,Others,
2023,Arnedo,20,V3,GH070071,17:38,4:15,Cheilinus,chlorourus,Cheilinus chlorourus,1,0,Others,
2023,Arnedo,20,V3,GH070071,17:38,4:31,Parupeneus,multifasciatus,Parupeneus multifasciatus,1,0,Others,
2023,Arnedo,20,V3,GH070071,17:38,4:52,Zanclus,cornutus,Zanclus cornutus,1,0,Others,
2023,Arnedo,20,V3,GH070071,17:38,5:50,Centropyge,bispinossa,Centropyge bispinossa,1,0,Others,
2023,Arnedo,20,V3,GH070071,17:38,5:57,Cephalopholis,urodeta,Cephalopholis urodeta,1,0,Others,
2023,Arnedo,20,V3,GH070071,17:38,8:57,Chaetodon,kleinii,Chaetodon kleinii,1,0,Others,
2023,Arnedo,20,V3,GH070071,17:38,8:57,Acanthurus,nigricans,Acanthurus nigricans,1,0,Others,
2023,Arnedo,20,V3,GH070071,17:38,8:57,Balistapus,undulatus,Balistapus undulatus,1,0,Others,
2023,Arnedo,20,V3,GH070071,17:38,10:11,Centropyge,bispinossa,Centropyge bispinossa,1,0,Others,
2023,Arnedo,20,V3,GH070071,17:38,10:20,Chaetodon,kleinii,Chaetodon kleinii,2,0,Others,
2023,Arnedo,20,V3,GH070071,17:38,11:34,Acanthurus,nigrofuscus,Acanthurus nigrofuscus,1,0,Others,
2023,Arnedo,20,V3,GH070071,17:38,13:34,Chlorurus,spilurus,Chlorurus spilurus,1,0,Others,
2023,Arnedo,20,V3,GH070071,17:38,14:53,Epibulus,insidiator,Epibulus insidiator,1,0,Others,
2023,Arnedo,20,V3,GH070071,17:38,16:24,Cephalopholis,urodeta,Cephalopholis urodeta,1,0,Others,
2023,Arnedo,20,V3,GH070071,17:38,16:40,Balistapus,undulatus,Balistapus undulatus,1,0,Others,
2023,Arnedo,20,V3,GH080071,17:38,0:34,Acanthurus,nigrofuscus,Acanthurus nigrofuscus,1,0,Others,
2023,Arnedo,20,V3,GH080071,17:38,2:32,Centropyge,bispinossa,Centropyge bispinossa,1,0,Others,
2023,Arnedo,20,V3,GH080071,17:38,5:20,Lutjanus,decussatus,Lutjanus decussatus,1,0,Others,
2023,Arnedo,20,V3,GH080071,17:38,8:16,Cephalopholis,urodeta,Cephalopholis urodeta,1,0,Others,
2023,Arnedo,20,V3,GH080071,17:38,8:25,Chaetodon,xanthurus,Chaetodon xanthurus,2,0,Others,
2023,Arnedo,20,V3,GH080071,17:38,8:29,Centropyge,heraldi,Centropyge heraldi,1,0,Others,
2023,Arnedo,20,V3,GH080071,17:38,8:29,Centropyge,vroliki,Centropyge vroliki,1,0,Others,
2023,Arnedo,20,V3,GH080071,17:38,13:37,Zanclus,cornutus,Zanclus cornutus,1,0,Others,
2023,Arnedo,20,V3,GH080071,17:38,14:21,Lutjanus,decussatus,Lutjanus decussatus,2,0,Others,
2023,Arnedo,20,V3,GH080071,17:38,14:26,Canthigaster,valentini,Canthigaster valentini,1,0,Others,
2023,Arnedo,20,V3,GH080071,17:38,17:04,Acanthurus,nigrofuscus,Acanthurus nigrofuscus,1,0,Others,
2023,Arnedo,20,V3,GH090071,17:39,0:27,Parupeneus,multifasciatus,Parupeneus multifasciatus,1,0,Others,
2023,Arnedo,20,V3,GH090071,17:39,1:40,Naso,lituratus,Naso lituratus,1,0,Browser,
2023,Arnedo,20,V3,GH090071,17:39,1:57,Balistapus,undulatus,Balistapus undulatus,1,0,Others,
2023,Arnedo,20,V3,GH090071,17:39,4:04,Chaetodon,xanthurus,Chaetodon xanthurus,2,0,Others,
2023,Arnedo,20,V3,GH090071,17:39,4:04,Parupeneus,multifasciatus,Parupeneus multifasciatus,1,0,Others,
2023,Arnedo,20,V3,GH090071,17:39,4:08,Chaetodon,kleinii,Chaetodon kleinii,1,0,Others,
2023,Arnedo,20,V3,GH090071,17:39,5:44,Centropyge,heraldi,Centropyge heraldi,1,0,Others,
2023,Arnedo,20,V3,GH090071,17:39,6:17,Acanthurus,nigrofuscus,Acanthurus nigrofuscus,1,0,Others,
2023,Arnedo,20,V3,GH100071,2:00,6:17,None,None,None None,None,0,None,
2023,Arnedo,30,V1,GH010067,15:14,3:10,Chaetodon,auriga,Chaetodon auriga,1,0,Others,
2023,Arnedo,30,V1,GH010067,15:14,5:07,Sufflamen,chrysopterus,Sufflamen chrysopterus,1,0,Others,
2023,Arnedo,30,V1,GH010067,15:14,7:02,Sufflamen,chrysopterus,Sufflamen chrysopterus,1,0,Others,
2023,Arnedo,30,V1,GH010067,15:14,9:16,Zanclus,cornutus,Zanclus cornutus,1,0,Others,
2023,Arnedo,30,V1,GH010067,15:14,10:14,Zanclus,cornutus,Zanclus cornutus,1,0,Others,
2023,Arnedo,30,V1,GH020067,17:39,3:01,Caranx,sexfasciatus,Caranx sexfasciatus,1,0,Others,
2023,Arnedo,30,V1,GH020067,17:39,3:35,Parupeneus,multifasciatus,Parupeneus multifasciatus,2,0,Others,
2023,Arnedo,30,V1,GH030067,17:38,1:50,Centropyge,heraldi,Centropyge heraldi,1,0,Others,
2023,Arnedo,30,V1,GH030067,17:38,2:27,Chaetodon,vagabundus,Chaetodon vagabundus,2,0,Others,
2023,Arnedo,30,V1,GH030067,17:38,12:52,Parupeneus,multifasciatus,Parupeneus multifasciatus,2,0,Others,
2023,Arnedo,30,V1,GH030067,17:38,14:52,Pentapodus,aureofasciatus,Pentapodus aureofasciatus,1,0,Others,
2023,Arnedo,30,V1,GH030067,17:38,15:46,Centropyge,heraldi,Centropyge heraldi,1,0,Others,
2023,Arnedo,30,V1,GH040067,17:39,4:53,Caranx,sexfasciatus,Caranx sexfasciatus,28,0,Others,
2023,Arnedo,30,V1,GH040067,17:39,14:29,Pentapodus,bifasciatus,Pentapodus bifasciatus,1,0,Others,
2023,Arnedo,30,V1,GH040067,17:39,15:10,Caranx,sexfasciatus,Caranx sexfasciatus,1,0,Others,
2023,Arnedo,30,V1,GH050067,17:38,2:30,Gymnosarda,unicolor,Gymnosarda unicolor,2,0,Others,
2023,Arnedo,30,V1,GH050067,17:38,3:53,Parupeneus,multifasciatus,Parupeneus multifasciatus,1,0,Others,
2023,Arnedo,30,V1,GH050067,17:38,4:57,Centropyge,heraldi,Centropyge heraldi,1,0,Others,
2023,Arnedo,30,V1,GH050067,17:38,5:56,Parupeneus,multifasciatus,Parupeneus multifasciatus,2,0,Others,
2023,Arnedo,30,V1,GH050067,17:38,9:43,Naso,unicornis,Naso unicornis,1,0,Browser,
2023,Arnedo,30,V1,GH060067,17:38,9:03,Gymnosarda,unicolor,Gymnosarda unicolor,4,0,Others,
2023,Arnedo,30,V1,GH060067,17:38,11:48,Parupeneus,multifasciatus,Parupeneus multifasciatus,2,0,Others,
2023,Arnedo,30,V1,GH070067,17:39,3:48,Canthigaster,valentini,Canthigaster valentini,1,0,Others,
2023,Arnedo,30,V1,GH070067,17:39,7:01,Parupeneus,multifasciatus,Parupeneus multifasciatus,4,0,Others,
2023,Arnedo,30,V1,GH070067,17:39,7:31,Chaetodon,xanthurus,Chaetodon xanthurus,1,0,Others,
2023,Arnedo,30,V1,GH080067,17:38,1:36,Sufflamen,chrysopterus,Sufflamen chrysopterus,1,0,Others,
2023,Arnedo,30,V1,GH080067,17:38,8:30,Balistapus,undulatus,Balistapus undulatus,1,0,Others,
2023,Arnedo,30,V1,GH090067,17:38,12:27,Canthigaster,valentini,Canthigaster valentini,1,0,Others,
2023,Arnedo,30,V1,GH090067,17:38,14:05,Lethrinus,olivaceus,Lethrinus olivaceus,1,0,Others,
2023,Arnedo,30,V1,GH090067,17:38,14:30,Epinephelus,malabricus,Epinephelus malabricus,1,0,Others,
2023,Arnedo,30,V1,GH100067,17:38,0:55,Zanclus,cornutus,Zanclus cornutus,1,0,Others,
2023,Arnedo,30,V1,GH100067,17:38,11:56,Mulloidichthys,flavolineatus,Mulloidichthys flavolineatus,10,0,Others,
2023,Arnedo,30,V1,GH110067,17:39,8:55,Pentapodus,bifasciatus,Pentapodus bifasciatus,2,0,Others,
2023,Arnedo,30,V1,GH110067,17:39,9:18,Balistapus,undulatus,Balistapus undulatus,1,0,Others,
2023,Arnedo,30,V1,GH110067,17:39,9:47,Parupeneus,multifasciatus,Parupeneus multifasciatus,1,0,Others,
2023,Arnedo,30,V1,GH120067,17:39,13:14,Naso,unicornis,Naso unicornis,2,0,Browser,
2023,Arnedo,30,V1,GH120067,17:39,15:32,Chaetodon,xanthurus,Chaetodon xanthurus,1,0,Others,
2023,Arnedo,30,V1,GH120067,17:39,16:37,Canthigaster,valentini,Canthigaster valentini,1,0,Others,
2023,Arnedo,30,V1,GH130067,17:38,5:42,Gymnosarda,unicolor,Gymnosarda unicolor,1,0,Others,
2023,Arnedo,30,V1,GH130067,17:38,12:30,Scarus,rivulatus,Scarus rivulatus,1,0,Others,
2023,Arnedo,30,V1,GH130067,17:38,17:16,Zanclus,cornutus,Zanclus cornutus,1,0,Others,
2023,Arnedo,30,V1,GH140067,17:39,17:16,None,None,None None,None,0,None,
2023,Arnedo,30,V1,GH150067,7:58,0:18,Naso,unicornis,Naso unicornis,1,0,Browser,
2023,Arnedo,30,V1,GH150067,7:58,0:30,Naso,unicornis,Naso unicornis,1,0,Browser,
2023,Arnedo,30,V1,GH150067,7:58,2:36,Canthigaster,valentini,Canthigaster valentini,1,0,Others,
2023,Arnedo,30,V1,GH150067,7:58,3:02,Sufflamen,chrysopterus,Sufflamen chrysopterus,1,0,Others,
2023,Arnedo,30,V1,GH150067,7:58,6:00,Caranx,sexfasciatus,Caranx sexfasciatus,6,0,Others,
2023,Arnedo,30,V1,GH150067,7:58,6:56,Centropyge,heraldi,Centropyge heraldi,1,0,Others,
2023,Arnedo,30,V2,GH010077,10:41,1:23,Cephalopholis,urodeta,Cephalopholis urodeta,1,0,Others,
2023,Arnedo,30,V2,GH010077,10:41,3:48,Zanclus,cornutus,Zanclus cornutus,2,0,Others,
2023,Arnedo,30,V2,GH010077,10:41,7:07,Parupeneus,barbarinoides,Parupeneus barbarinoides,1,0,Others,
2023,Arnedo,30,V2,GH010077,10:41,7:29,Parupeneus,multifasciatus,Parupeneus multifasciatus,1,0,Others,
2023,Arnedo,30,V2,GH010077,10:41,8:10,Neoglyphidodon,nigroris,Neoglyphidodon nigroris,3,0,Others,
2023,Arnedo,30,V2,GH010077,10:41,8:29,Parupeneus,multifasciatus,Parupeneus multifasciatus,9,0,Others,
2023,Arnedo,30,V2,GH010077,10:41,8:29,Parupeneus,barbarinoides,Parupeneus barbarinoides,2,0,Others,
2023,Arnedo,30,V2,GH010077,10:41,8:29,Chaetodon,xanthurus,Chaetodon xanthurus,2,0,Others,
2023,Arnedo,30,V2,GH010077,10:41,8:29,Acanthurus,nigroris,Acanthurus nigroris,2,0,Others,
2023,Arnedo,30,V2,GH010077,10:41,9:07,Acanthurus,nigricans,Acanthurus nigricans,1,0,Others,
2023,Arnedo,30,V2,GH020077,11:47,3:09,Forcipiger,longirostris,Forcipiger longirostris,1,0,Others,
2023,Arnedo,30,V2,GH020077,11:47,5:41,Acanthurus,nigrofuscus,Acanthurus nigrofuscus,1,0,Others,
2023,Arnedo,30,V2,GH020077,11:47,11:01,Bodianus,loxozonus,Bodianus loxozonus,1,0,Others,
2023,Arnedo,30,V2,GH030077,11:47,7:02,Parupeneus,multifasciatus,Parupeneus multifasciatus,1,0,Others,
2023,Arnedo,30,V2,GH030077,11:47,7:11,Zanclus,cornutus,Zanclus cornutus,1,0,Others,
2023,Arnedo,30,V2,GH030077,11:47,9:49,Balistapus,undulatus,Balistapus undulatus,1,0,Others,
2023,Arnedo,30,V2,GH030077,11:47,11:33,Platax,teira,Platax teira,1,0,Browser,
2023,Arnedo,30,V2,GH040077,11:47,3:14,Acanthurus,nigrofuscus,Acanthurus nigrofuscus,1,0,Others,
2023,Arnedo,30,V2,GH040077,11:47,3:24,Chromis,weberi,Chromis weberi,3,0,Others,
2023,Arnedo,30,V2,GH040077,11:47,3:42,Zanclus,cornutus,Zanclus cornutus,2,0,Others,
2023,Arnedo,30,V2,GH040077,11:47,5:03,Lutjanus,decussatus,Lutjanus decussatus,1,0,Others,
2023,Arnedo,30,V2,GH040077,11:47,9:37,Scolopsis,bilineatus,Scolopsis bilineatus,1,0,Others,
2023,Arnedo,30,V2,GH040077,11:47,10:26,Parupeneus,multifasciatus,Parupeneus multifasciatus,1,0,Others,
2023,Arnedo,30,V2,GH050077,11:47,1:00,Cetoscarus,bicolor,Cetoscarus bicolor,1,0,Others,
2023,Arnedo,30,V2,GH050077,11:47,1:26,Acanthochromis,polyacanthus,Acanthochromis polyacanthus,2,0,Others,
2023,Arnedo,30,V2,GH050077,11:47,1:45,Cephalopholis,urodeta,Cephalopholis urodeta,1,0,Others,
2023,Arnedo,30,V2,GH050077,11:47,1:45,Forcipiger,longirostris,Forcipiger longirostris,2,0,Others,
2023,Arnedo,30,V2,GH050077,11:47,1:45,Acanthurus,nigrofuscus,Acanthurus nigrofuscus,1,0,Others,
2023,Arnedo,30,V2,GH050077,11:47,3:34,Scolopsis,monogramma,Scolopsis monogramma,2,0,Others,
2023,Arnedo,30,V2,GH050077,11:47,4:05,Hipposcarus,longiceps,Hipposcarus longiceps,1,0,Others,
2023,Arnedo,30,V2,GH050077,11:47,7:41,Variola,louti,Variola louti,1,0,Others,
2023,Arnedo,30,V2,GH050077,11:47,7:41,Parupeneus,barbarinoides,Parupeneus barbarinoides,1,0,Others,
2023,Arnedo,30,V2,GH050077,11:47,7:41,Parupeneus,multifasciatus,Parupeneus multifasciatus,1,0,Others,
2023,Arnedo,30,V2,GH050077,11:47,9:02,Acanthurus,nigrofuscus,Acanthurus nigrofuscus,1,0,Others,
2023,Arnedo,30,V2,GH050077,11:47,9:10,Scarus,rivulatus,Scarus rivulatus,1,0,Others,
2023,Arnedo,30,V2,GH050077,11:47,9:27,Chaetodon,xanthurus,Chaetodon xanthurus,1,0,Others,
2023,Arnedo,30,V2,GH060077,11:47,6:07,Hipposcarus,longiceps,Hipposcarus longiceps,1,0,Others,
2023,Arnedo,30,V2,GH060077,11:47,6:24,Caranx,sexfasciatus,Caranx sexfasciatus,16,0,Others,
2023,Arnedo,30,V2,GH060077,11:47,8:01,Parupeneus,multifasciatus,Parupeneus multifasciatus,2,0,Others,
2023,Arnedo,30,V2,GH060077,11:47,8:01,Epibulus,insidiator,Epibulus insidiator,1,0,Others,
2023,Arnedo,30,V2,GH060077,11:47,8:20,Chaetodon,kleinii,Chaetodon kleinii,1,0,Others,
2023,Arnedo,30,V2,GH060077,11:47,8:53,Chlorurus,spilurus,Chlorurus spilurus,1,0,Others,
2023,Arnedo,30,V2,GH060077,11:47,9:06,Chaetodon,lunulatus,Chaetodon lunulatus,2,0,Others,
2023,Arnedo,30,V2,GH060077,11:47,9:21,Pentapodus,monogramma,Pentapodus monogramma,1,0,Others,
2023,Arnedo,30,V2,GH060077,11:47,9:27,Forcipiger,longirostris,Forcipiger longirostris,2,0,Others,
2023,Arnedo,30,V2,GH060077,11:47,9:36,Acanthurus,nigricans,Acanthurus nigricans,2,0,Others,
2023,Arnedo,30,V2,GH070077,11:47,9:36,None,None,None None,None,0,None,
2023,Arnedo,30,V2,GH080077,0:48,9:36,None,None,None None,None,0,None,
2023,Arnedo,30,V3,GH010104,16:32,3:18,Sufflamen,chrysopterus,Sufflamen chrysopterus,1,0,Others,
2023,Arnedo,30,V3,GH010104,16:32,5:28,Balistapus,undulatus,Balistapus undulatus,1,0,Others,
2023,Arnedo,30,V3,GH010104,16:32,5:28,Parupeneus,multifasciatus,Parupeneus multifasciatus,1,0,Others,
2023,Arnedo,30,V3,GH010104,16:32,6:11,Balistoides,viridescens,Balistoides viridescens,1,0,Others,
2023,Arnedo,30,V3,GH010104,16:32,8:25,Pentapodus,monogramma,Pentapodus monogramma,1,0,Others,
2023,Arnedo,30,V3,GH010104,16:32,9:02,Arothron,nigropunctatus,Arothron nigropunctatus,1,0,Others,
2023,Arnedo,30,V3,GH010104,16:32,9:12,Zanclus,cornutus,Zanclus cornutus,1,0,Others,
2023,Arnedo,30,V3,GH010104,16:32,14:21,Caranx,sexfasciatus,Caranx sexfasciatus,3,0,Others,
2023,Arnedo,30,V3,GH020104,17:39,1:23,Parupeneus,multifasciatus,Parupeneus multifasciatus,1,0,Others,
2023,Arnedo,30,V3,GH020104,17:39,2:28,Parupeneus,barbarinoides,Parupeneus barbarinoides,1,0,Others,
2023,Arnedo,30,V3,GH020104,17:39,8:31,Parupeneus,barberinus,Parupeneus barberinus,1,0,Others,
2023,Arnedo,30,V3,GH030104,17:38,3:32,Balistapus,undulatus,Balistapus undulatus,1,0,Others,
2023,Arnedo,30,V3,GH040104,17:39,2:57,Fistularia,commersoni,Fistularia commersoni,1,0,Others,
2023,Arnedo,30,V3,GH040104,17:39,4:35,Chaetodon,xanthurus,Chaetodon xanthurus,2,0,Others,
2023,Arnedo,30,V3,GH040104,17:39,4:35,Parupeneus,monogramma,Parupeneus monogramma,1,0,Others,
2023,Arnedo,30,V3,GH040104,17:39,4:57,Parupeneus,multifasciatus,Parupeneus multifasciatus,2,0,Others,
2023,Arnedo,30,V3,GH040104,17:39,4:57,Chlorurus,spilurus,Chlorurus spilurus,1,0,Others,
2023,Arnedo,30,V3,GH040104,17:39,6:47,Sufflamen,chrysopterus,Sufflamen chrysopterus,1,0,Others,
2023,Arnedo,30,V3,GH040104,17:39,16:19,Parupeneus,multifasciatus,Parupeneus multifasciatus,1,0,Others,
2023,Arnedo,30,V3,GH040104,17:39,16:34,Balistapus,undulatus,Balistapus undulatus,1,0,Others,
2023,Arnedo,30,V3,GH050104,17:39,9:35,Pentapodus,monogramma,Pentapodus monogramma,1,0,Others,
2023,Arnedo,30,V3,GH050104,17:39,9:35,Parupeneus,cyclostomus,Parupeneus cyclostomus,1,0,Others,
2023,Arnedo,30,V3,GH050104,17:39,9:35,Parupeneus,multifasciatus,Parupeneus multifasciatus,1,0,Others,
2023,Arnedo,30,V3,GH050104,17:39,13:37,Cheilinus,chlorourus,Cheilinus chlorourus,1,0,Others,
2023,Arnedo,30,V3,GH050104,17:39,14:10,Balistapus,undulatus,Balistapus undulatus,1,0,Others,
2023,Arnedo,30,V3,GH060104,17:39,0:37,Parupeneus,barberinus,Parupeneus barberinus,1,0,Others,
2023,Arnedo,30,V3,GH060104,17:39,0:41,Sufflamen,chrysopterus,Sufflamen chrysopterus,1,0,Others,
2023,Arnedo,30,V3,GH060104,17:39,2:46,Parupeneus,multifasciatus,Parupeneus multifasciatus,2,0,Others,
2023,Arnedo,30,V3,GH060104,17:39,3:15,Pentapodus,monogramma,Pentapodus monogramma,1,0,Others,
2023,Arnedo,30,V3,GH060104,17:39,3:57,Chaetodon,xanthurus,Chaetodon xanthurus,1,0,Others,
2023,Arnedo,30,V3,GH060104,17:39,7:44,Zanclus,cornutus,Zanclus cornutus,1,0,Others,
2023,Arnedo,30,V3,GH060104,17:39,8:35,Scolopsis,temporalis,Scolopsis temporalis,1,0,Others,
2023,Arnedo,30,V3,GH060104,17:39,8:49,Parupeneus,multifasciatus,Parupeneus multifasciatus,2,0,Others,
2023,Arnedo,30,V3,GH060104,17:39,8:49,Scolopsis,monogramma,Scolopsis monogramma,2,0,Others,
2023,Arnedo,30,V3,GH060104,17:39,9:06,Balistapus,undulatus,Balistapus undulatus,1,0,Others,
2023,Arnedo,30,V3,GH070104,6:53,0:15,Sufflamen,chrysopterus,Sufflamen chrysopterus,1,0,Others,
2023,Arnedo,30,V3,GH070104,6:53,0:56,Scolopsis,monogramma,Scolopsis monogramma,2,0,Others,
2023,Arnedo,30,V3,GH070104,6:53,3:57,Chaetodon,xanthurus,Chaetodon xanthurus,1,0,Others,
2023,Arnedo,30,V3,GH070104,6:53,5:56,Parupeneus,multifasciatus,Parupeneus multifasciatus,1,0,Others,
2023,Arnedo,50,V1,GH010066,14:27,6:23,Meiacanthus,atrodorsalis,Meiacanthus atrodorsalis,1,0,Others,
2023,Arnedo,50,V1,GH020066,17:38,6:23,None,None,None None,None,0,None,
2023,Arnedo,50,V1,GH030066,17:38,3:00,Parupeneus,multifasciatus,Parupeneus multifasciatus,1,0,Others,
2023,Arnedo,50,V1,GH030066,17:38,12:13,Naso,unicornis,Naso unicornis,1,0,Browser,
2023,Arnedo,50,V1,GH040066,17:39,16:29,Plectropomus,leopardus,Plectropomus leopardus,1,0,Others,
2023,Arnedo,50,V1,GH050066,17:39,4:54,Naso,lituratus,Naso lituratus,1,330,Browser,
2023,Arnedo,50,V1,GH050066,17:39,7:57,Pseudanthias,pleurotaenia,Pseudanthias pleurotaenia,1,0,Others,
2023,Arnedo,50,V1,GH050066,17:39,8:15,Plectropomus,leopardus,Plectropomus leopardus,1,0,Others,
2023,Arnedo,50,V1,GH060066,17:38,0:07,Naso,lituratus,Naso lituratus,1,0,Browser,Same as the N. lituratus on 4:54 (GH50066)
2023,Arnedo,50,V1,GH060066,17:38,6:53,Sufflamen,bursa,Sufflamen bursa,1,0,Others,
2023,Arnedo,50,V1,GH070066,17:38,0:38,Naso,lituratus,Naso lituratus,1,81,Browser,
2023,Arnedo,50,V1,GH070066,17:38,0:43,Naso,unicornis,Naso unicornis,1,45,Browser,Aggression towards N. lituratus at 2:02; second chase 2:42
2023,Arnedo,50,V1,GH070066,17:38,1:37,Sufflamen,bursa,Sufflamen bursa,1,0,Others,
2023,Arnedo,50,V1,GH070066,17:38,3:05,Heniochus,acuminatus,Heniochus acuminatus,1,0,Others,
2023,Arnedo,50,V1,GH070066,17:38,3:26,Naso,lituratus,Naso lituratus,1,224,Browser,
2023,Arnedo,50,V1,GH070066,17:38,7:32,Naso,lituratus,Naso lituratus,1,239,Browser,
2023,Arnedo,50,V1,GH080066,17:39,0:04,Naso,unicornis,Naso unicornis,1,0,Browser,Same as N. unicotrnis at 0:41 of the prev video; bite rates mentioned in 0:43
2023,Arnedo,50,V1,GH080066,17:39,0:07,Pomacanthus,emperator,Pomacanthus emperator,1,0,Others,
2023,Arnedo,50,V1,GH080066,17:39,5:48,Naso,lituratus,Naso lituratus,1,0,Browser,Same as N. lituratus at 3:26 in the prev video
2023,Arnedo,50,V1,GH080066,17:39,13:32,Sufflamen,bursa,Sufflamen bursa,1,0,Others,
2023,Arnedo,50,V1,GH090066,17:39,11:06,Chaetodon,xanthurus,Chaetodon xanthurus,1,0,Others,
2023,Arnedo,50,V1,GH090066,17:39,11:34,Bodianus,mesothorax,Bodianus mesothorax,1,0,Others,
2023,Arnedo,50,V1,GH090066,17:39,11:49,Genicanthus,melanospilus,Genicanthus melanospilus,2,0,Others,
2023,Arnedo,50,V1,GH090066,17:39,12:15,Chaetodon,kleinii,Chaetodon kleinii,1,0,Others,
2023,Arnedo,50,V1,GH090066,17:39,13:39,Chaetodon,kleinii,Chaetodon kleinii,1,0,Others,
2023,Arnedo,50,V1,GH090066,17:39,14:28,Genicanthus,melanospilus,Genicanthus melanospilus,1,0,Others,
2023,Arnedo,50,V1,GH090066,17:39,15:27,Heniochus,adiergastus,Heniochus adiergastus,1,0,Others,
2023,Arnedo,50,V1,GH100066,17:38,9:21,Chaetodon,kleinii,Chaetodon kleinii,1,0,Others,
2023,Arnedo,50,V1,GH110066,17:39,0:26,Chaetodon,kleinii,Chaetodon kleinii,1,0,Others,
2023,Arnedo,50,V1,GH110066,17:39,2:55,Naso,lituratus,Naso lituratus,1,7,Browser,
2023,Arnedo,50,V1,GH110066,17:39,13:34,Meiacanthus,atrodorsalis,Meiacanthus atrodorsalis,1,0,Others,
2023,Arnedo,50,V1,GH120066,17:39,2:12,Naso,lituratus,Naso lituratus,1,7,Browser,
2023,Arnedo,50,V1,GH120066,17:39,2:38,Sufflamen,bursa,Sufflamen bursa,1,0,Others,
2023,Arnedo,50,V1,GH120066,17:39,10:08,Genicanthus,melanospilus,Genicanthus melanospilus,1,0,Others,
2023,Arnedo,50,V1,GH120066,17:39,13:00,Chaetodon,xanthurus,Chaetodon xanthurus,2,0,Others,
2023,Arnedo,50,V1,GH120066,17:39,13:34,Genicanthus,melanospilus,Genicanthus melanospilus,1,0,Others,
2023,Arnedo,50,V1,GH120066,17:39,17:28,Scarus,frenatus,Scarus frenatus,1,0,Others,
2023,Arnedo,50,V1,GH130066,17:39,6:33,Pomacanthus,semicircularis,Pomacanthus semicircularis,1,0,Others,
2023,Arnedo,50,V1,GH130066,17:39,16:41,Genicanthus,melanospilus,Genicanthus melanospilus,6,0,Others,
2023,Arnedo,50,V1,GH140066,12:56,1:30,Centropyge,vroliki,Centropyge vroliki,1,0,Others,
2023,Arnedo,50,V1,GH140066,12:56,1:30,Chaetodon,lunula,Chaetodon lunula,1,0,Others,
2023,Arnedo,50,V1,GH140066,12:56,2:04,Heniochus,adiergastus,Heniochus adiergastus,1,0,Others,
2023,Arnedo,50,V1,GH140066,12:56,4:48,Chaetodon,kleinii,Chaetodon kleinii,1,0,Others,
2023,Arnedo,50,V1,GH140066,12:56,5:54,Parupeneus,multifasciatus,Parupeneus multifasciatus,1,0,Others,
2023,Arnedo,50,V1,GH140066,12:56,5:54,Parupeneus,barberinoides,Parupeneus barberinoides,1,0,Others,
2023,Arnedo,50,V1,GH140066,12:56,6:11,Cteochaetus,tominiensis,Cteochaetus tominiensis,1,0,Others,
2023,Arnedo,50,V1,GH140066,12:56,6:13,Chaetodon,kleinii,Chaetodon kleinii,2,0,Others,
2023,Arnedo,50,V1,GH140066,12:56,8:53,Chaetodon,adiergastus,Chaetodon adiergastus,2,0,Others,
2023,Arnedo,50,V1,GH140066,12:56,12:40,Parupeneus,multifasciatus,Parupeneus multifasciatus,1,0,Others,
2023,Arnedo,50,V2,GH010103,16:16,16:45,Caranx,sexfasciatus,Caranx sexfasciatus,1,0,Others,
2023,Arnedo,50,V2,GH020103,17:38,8:33,Naso,unicornis,Naso unicornis,1,107,Browser,
2023,Arnedo,50,V2,GH030103,17:38,7:09,Naso,unicornis,Naso unicornis,1,0,Browser,Same as N. unicornis at 8:33 of the 20103
2023,Arnedo,50,V2,GH040103,17:39,1:27,Naso,unicornis,Naso unicornis,1,0,Browser,Same as N. unicornis at 8:33 of the 20103
2023,Arnedo,50,V2,GH040103,17:39,9:42,Coradion,melanopus,Coradion melanopus,2,0,Others,
2023,Arnedo,50,V2,GH040103,17:39,17:20,Naso,unicornis,Naso unicornis,1,0,Browser,Same as N. unicornis at 8:33 of the 20103
2023,Arnedo,50,V2,GH050103,17:39,4:25,Naso,unicornis,Naso unicornis,1,0,Browser,Same as N. unicornis at 8:33 of the 20103
2023,Arnedo,50,V2,GH060103,17:38,4:25,None,None,None None,None,0,None,
2023,Arnedo,50,V2,GH070103,17:38,8:25,Scarus,ghobban,Scarus ghobban,1,0,Others,
2023,Arnedo,50,V2,GH070103,17:38,8:25,Parupeneus,barberinoides,Parupeneus barberinoides,1,0,Others,
2023,Arnedo,50,V2,GH080103,17:39,15:24,Chaetodon,lunula,Chaetodon lunula,2,0,Others,
2023,Arnedo,50,V2,GH090103,17:38,0:14,Naso,lituratus,Naso lituratus,1,0,Browser,Same as N. unicornis at 8:33 of the 20103
2023,Arnedo,50,V2,GH100103,17:38,0:14,None,None,None None,None,0,None,
2023,Arnedo,50,V2,GH110103,17:38,10:27,Chaetodon,xanthurus,Chaetodon xanthurus,2,0,Others,
2023,Arnedo,50,V2,GH120103,17:38,0:20,Chaetodon,auriga,Chaetodon auriga,2,0,Others,
2023,Arnedo,50,V2,GH120103,17:38,17:11,Naso,unicornis,Naso unicornis,1,0,Browser,
2023,Arnedo,50,V2,GH130103,17:39,17:11,None,None,None None,None,0,None,
2023,Arnedo,50,V2,GH140103,1:00,17:11,None,None,None None,None,0,None,
2023,Arnedo,50,V3,GH010077,10:31,1:17,Acanthurus,pyroferus,Acanthurus pyroferus,2,0,Others,
2023,Arnedo,50,V3,GH010077,10:31,1:20,Chaetodon,auriga,Chaetodon auriga,1,0,Others,
2023,Arnedo,50,V3,GH010077,10:31,1:20,Naso,lituratus,Naso lituratus,1,0,Browser,
2023,Arnedo,50,V3,GH010077,10:31,1:20,Bodianus,mesothorax,Bodianus mesothorax,2,0,Others,
2023,Arnedo,50,V3,GH010077,10:31,1:20,Acanthurus,nigrofuscus,Acanthurus nigrofuscus,3,0,Others,
2023,Arnedo,50,V3,GH010077,10:31,8:47,Chromis,margaritifer,Chromis margaritifer,1,0,Others,
2023,Arnedo,50,V3,GH010077,10:31,10:47,Pygoplites,diacanthus,Pygoplites diacanthus,1,0,Others,
2023,Arnedo,50,V3,GH020077,11:47,7:14,Scarus,hypselopterus,Scarus hypselopterus,1,0,Others,
2023,Arnedo,50,V3,GH020077,11:47,9:49,Chaetodon,kleinii,Chaetodon kleinii,1,0,Others,
2023,Arnedo,50,V3,GH020077,11:47,10:59,Acanthurus,pyroferus,Acanthurus pyroferus,1,0,Others,
2023,Arnedo,50,V3,GH030077,11:47,2:32,Hipposcarus,longiceps,Hipposcarus longiceps,1,0,Others,
2023,Arnedo,50,V3,GH030077,11:47,5:41,Chaetodon,xanthurus,Chaetodon xanthurus,1,0,Others,
2023,Arnedo,50,V3,GH030077,11:47,6:16,Acanthurus,nigrofuscus,Acanthurus nigrofuscus,1,0,Others,
2023,Arnedo,50,V3,GH040077,1:04,6:16,None,None,None None,None,0,None,
2023,Balingasay,10,V1,GH010067,10:47,2:28,Plectroglyphidodon,lacrymatus,Plectroglyphidodon lacrymatus,1,0,Others,
2023,Balingasay,10,V1,GH010067,10:47,9:09,Aulotomus,chinensis,Aulotomus chinensis,1,0,Others,
2023,Balingasay,10,V1,GH020067,11:47,1:40,Plectroglyphidodon,lacrymatus,Plectroglyphidodon lacrymatus,1,0,Others,
2023,Balingasay,10,V1,GH030067,11:48,2:30,Caranx,sexfasciatus,Caranx sexfasciatus,1,0,Others,
2023,Balingasay,10,V1,GH030067,11:48,9:40,Labracinus,cyclostomus,Labracinus cyclostomus,1,0,Others,
2023,Balingasay,10,V1,GH040067,11:47,1:50,Arothron,nigropunctatus,Arothron nigropunctatus,1,0,Others,
2023,Balingasay,10,V1,GH040067,11:47,2:45,Aulotomus,chinensis,Aulotomus chinensis,1,0,Others,
2023,Balingasay,10,V1,GH040067,11:47,6:42,Arothron,nigropunctatus,Arothron nigropunctatus,1,0,Others,
2023,Balingasay,10,V1,GH040067,11:47,11:20,Oxycheilinus,digramma,Oxycheilinus digramma,1,0,Others,
2023,Balingasay,10,V1,GH050067,11:48,2:42,Zanclus,cornutus,Zanclus cornutus,1,0,Others,
2023,Balingasay,10,V1,GH050067,11:48,9:40,Chaetodon,lunula,Chaetodon lunula,1,0,Others,
2023,Balingasay,10,V1,GH060067,11:47,9:40,None,None,None None,None,0,None,
2023,Balingasay,10,V1,GH070067,11:48,1:27,Fistularia,commersoni,Fistularia commersoni,1,0,Others,
2023,Balingasay,10,V1,GH070067,11:48,4:20,Zanclus,cornutus,Zanclus cornutus,1,0,Others,
2023,Balingasay,10,V1,GH070067,11:48,5:07,Cheilinus,fasciatus,Cheilinus fasciatus,1,0,Others,
2023,Balingasay,10,V1,GH080067,11:47,0:39,Cheilinus,chlorourus,Cheilinus chlorourus,1,0,Others,
2023,Balingasay,10,V1,GH080067,11:47,4:33,Lutjanus,decussatus,Lutjanus decussatus,1,0,Others,
2023,Balingasay,10,V1,GH080067,11:47,4:57,Labracinus,cyclostomus,Labracinus cyclostomus,1,0,Others,
2023,Balingasay,10,V1,GH080067,11:47,6:45,Pterocaesio,pisang,Pterocaesio pisang,4,0,Others,
2023,Balingasay,10,V1,GH080067,11:47,10:10,Ostracion,meleagris,Ostracion meleagris,1,0,Others,
2023,Balingasay,10,V1,GH090067,11:47,4:05,Pterocaesio,pisang,Pterocaesio pisang,10,0,Others,
2023,Balingasay,10,V1,GH090067,11:47,7:50,Pterocaesio,pisang,Pterocaesio pisang,20,0,Others,
2023,Balingasay,10,V1,GH090067,11:47,8:13,Cheilinus,chlorourus,Cheilinus chlorourus,1,0,Others,
2023,Balingasay,10,V1,GH090067,11:47,9:30,Bodianus,mesothorax,Bodianus mesothorax,1,0,Others,
2023,Balingasay,10,V1,GH100067,11:47,7:33,Plectroglyphidodon,lacrymatus,Plectroglyphidodon lacrymatus,1,0,Others,
2023,Balingasay,10,V1,GH110067,11:48,0:25,Aulotomus,chinensis,Aulotomus chinensis,1,0,Others,
2023,Balingasay,10,V1,GH110067,11:48,2:40,Zanclus,cornutus,Zanclus cornutus,1,0,Others,
2023,Balingasay,10,V1,GH110067,11:48,11:30,Naso,lituratus,Naso lituratus,1,0,Browser,
2023,Balingasay,10,V1,GH120067,11:47,7:22,Cheilinus,chlorourus,Cheilinus chlorourus,2,0,Others,
2023,Balingasay,10,V1,GH130067,11:47,5:33,Caesio,caerulaurea,Caesio caerulaurea,2,0,Others,
2023,Balingasay,10,V1,GH140067,11:48,5:28,Cheilinus,chlorourus,Cheilinus chlorourus,1,0,Others,
2023,Balingasay,10,V1,GH140067,11:48,7:20,Plectroglyphidodon,lacrymatus,Plectroglyphidodon lacrymatus,1,0,Others,
2023,Balingasay,10,V1,GH150067,11:47,2:15,Chaetodon,lunula,Chaetodon lunula,1,0,Others,
2023,Balingasay,10,V1,GH150067,11:47,8:18,Pterocaesio,pisang,Pterocaesio pisang,147,0,Others,
2023,Balingasay,10,V1,GH150067,11:47,8:18,Pomacentrus,stigma,Pomacentrus stigma,4,0,Others,
2023,Balingasay,10,V1,GH150067,11:47,8:18,Dascyllus,reticulatus,Dascyllus reticulatus,1,0,Others,
2023,Balingasay,10,V1,GH150067,11:47,8:34,Chaetodon,kleinii,Chaetodon kleinii,2,0,Others,
2023,Balingasay,10,V1,GH150067,11:47,8:34,Cantherhines,dumerili,Cantherhines dumerili,2,0,Others,
2023,Balingasay,10,V1,GH150067,11:47,8:43,Melichthys,vidua,Melichthys vidua,1,0,Browser,
2023,Balingasay,10,V1,GH150067,11:47,8:43,Scarus,forsteni,Scarus forsteni,2,0,Others,
2023,Balingasay,10,V1,GH150067,11:47,8:54,Acanthurus,nigrofuscus,Acanthurus nigrofuscus,1,0,Others,
2023,Balingasay,10,V1,GH150067,11:47,8:54,Naso,brevirostris,Naso brevirostris,1,0,Others,
2023,Balingasay,10,V1,GH150067,11:47,9:25,Acanthurus,nigrofuscus,Acanthurus nigrofuscus,1,0,Others,
2023,Balingasay,10,V1,GH150067,11:47,10:37,Lutjanus,decussatus,Lutjanus decussatus,1,0,Others,
2023,Balingasay,10,V1,GH150067,11:47,11:33,Chlorurus,spilurus,Chlorurus spilurus,2,0,Others,
2023,Balingasay,10,V1,GH150067,11:47,11:33,Chromis,weberi,Chromis weberi,1,0,Others,
2023,Balingasay,10,V1,GH160067,11:47,0:11,Sufflamen,chrysopterus,Sufflamen chrysopterus,1,0,Others,
2023,Balingasay,10,V1,GH160067,11:47,1:10,Naso,lituratus,Naso lituratus,1,0,Browser,
2023,Balingasay,10,V1,GH160067,11:47,1:10,Naso,brevirostris,Naso brevirostris,1,0,Others,
2023,Balingasay,10,V1,GH160067,11:47,1:37,Bodianus,mesothorax,Bodianus mesothorax,1,0,Others,
2023,Balingasay,10,V1,GH160067,11:47,3:32,Chelinus,chlorourus,Chelinus chlorourus,1,0,Others,
2023,Balingasay,10,V1,GH160067,11:47,4:44,Zanclus,cornutus,Zanclus cornutus,1,0,Others,
2023,Balingasay,10,V1,GH160067,11:47,6:30,Pomacentrus,philippinus,Pomacentrus philippinus,3,0,Others,
2023,Balingasay,10,V1,GH170067,11:47,0:40,Chlorurus,spilurus,Chlorurus spilurus,1,0,Others,
2023,Balingasay,10,V1,GH170067,11:47,3:30,Pomacentrus,stigma,Pomacentrus stigma,1,0,Others,
2023,Balingasay,10,V1,GH170067,11:47,5:56,Naso,lituratus,Naso lituratus,1,0,Browser,
2023,Balingasay,10,V1,GH170067,11:47,8:12,Ostracion,meleagris,Ostracion meleagris,1,0,Others,
2023,Balingasay,10,V1,GH170067,11:47,11:00,Neoglyphidodon,nigroris,Neoglyphidodon nigroris,1,0,Others,
2023,Balingasay,10,V1,GH180067,11:47,4:52,Lutjanus,bigguttatus,Lutjanus bigguttatus,1,0,Others,
2023,Balingasay,10,V1,GH180067,11:47,7:59,Pomacentrus,brachialis,Pomacentrus brachialis,1,0,Others,
2023,Balingasay,10,V1,GH190067,11:47,1:29,Naso,lituratus,Naso lituratus,1,0,Browser,
2023,Balingasay,10,V1,GH190067,11:47,1:29,Chromis,weberi,Chromis weberi,2,0,Others,
2023,Balingasay,10,V1,GH190067,11:47,2:07,Pomacentrus,lepidogenys,Pomacentrus lepidogenys,2,0,Others,
2023,Balingasay,10,V1,GH190067,11:47,6:31,Zanclus,cornutus,Zanclus cornutus,1,0,Others,
2023,Balingasay,10,V1,GH190067,11:47,8:04,Dascyllus,trimaculatus,Dascyllus trimaculatus,1,0,Others,
2023,Balingasay,10,V1,GH190067,11:47,9:50,Naso,lituratus,Naso lituratus,1,0,Browser,
2023,Balingasay,10,V1,GH190067,11:47,11:36,Chaetodon,ornatus,Chaetodon ornatus,1,0,Others,
2023,Balingasay,10,V1,GH200067,11:47,2:03,Naso,lituratus,Naso lituratus,3,0,Browser,
2023,Balingasay,10,V1,GH200067,11:47,3:53,Chaetodon,epphipium,Chaetodon epphipium,1,0,Others,
2023,Balingasay,10,V1,GH200067,11:47,5:41,Gomphosus,varius,Gomphosus varius,1,0,Others,
2023,Balingasay,10,V1,GH200067,11:47,6:00,Chlorurus,bowersi,Chlorurus bowersi,1,0,Others,
2023,Balingasay,10,V1,GH200067,11:47,6:58,Scarus,niger,Scarus niger,1,0,Others,
2023,Balingasay,10,V1,GH200067,11:47,7:48,Parupeneus,multifasciatus,Parupeneus multifasciatus,1,0,Others,
2023,Balingasay,10,V1,GH200067,11:47,8:24,Melichthys,vidua,Melichthys vidua,1,0,Browser,
2023,Balingasay,10,V1,GH200067,11:47,8:59,Epibulus,insidiator,Epibulus insidiator,1,0,Others,
2023,Balingasay,10,V1,GH210067,11:47,0:05,Pomacentrus,brachialis,Pomacentrus brachialis,1,0,Others,
2023,Balingasay,10,V1,GH210067,11:47,0:05,Plectroglyphidodon,lacrymatus,Plectroglyphidodon lacrymatus,1,0,Others,
2023,Balingasay,10,V1,GH210067,11:47,0:05,Pomacanthus,stigma,Pomacanthus stigma,1,0,Others,
2023,Balingasay,10,V1,GH210067,11:47,0:48,Scarus,niger,Scarus niger,2,0,Others,
2023,Balingasay,10,V1,GH210067,11:47,0:51,Scarus,bowersi,Scarus bowersi,1,0,Others,
2023,Balingasay,10,V1,GH210067,11:47,0:54,Neoglyphidodon,nigroris,Neoglyphidodon nigroris,1,0,Others,
2023,Balingasay,10,V1,GH210067,11:47,0:54,Cantherhines,dumerili,Cantherhines dumerili,2,0,Others,
2023,Balingasay,10,V1,GH210067,11:47,1:19,Lutjanus,bigguttatus,Lutjanus bigguttatus,1,0,Others,
2023,Balingasay,10,V1,GH210067,11:47,2:19,Oxycheilinus,digramma,Oxycheilinus digramma,1,0,Others,
2023,Balingasay,10,V1,GH210067,11:47,3:01,Zanclus,cornutus,Zanclus cornutus,1,0,Others,
2023,Balingasay,10,V1,GH210067,11:47,5:46,Pomacentrus,lepidogenys,Pomacentrus lepidogenys,1,0,Others,
2023,Balingasay,10,V1,GH210067,11:47,11:30,Pterocaesio,pisang,Pterocaesio pisang,5,0,Others,
2023,Balingasay,10,V1,GH220067,4:16,0:16,Pterocaesio,pisang,Pterocaesio pisang,5,0,Others,
2023,Balingasay,10,V2,GH010092,15:36,2:09,Acanthurus,nigrofuscus,Acanthurus nigrofuscus,2,0,Others,
2023,Balingasay,10,V2,GH010092,15:36,6:33,Acanthurus,nigrofuscus,Acanthurus nigrofuscus,5,0,Others,
2023,Balingasay,10,V2,GH010092,15:36,7:27,Acanthurus,nigrofuscus,Acanthurus nigrofuscus,3,0,Others,grazing
2023,Balingasay,10,V2,GH010092,15:36,9:30,Naso,caeruleacauda,Naso caeruleacauda,1,0,Others,
2023,Balingasay,10,V2,GH010092,15:36,14:18,Cheilinus,chlorourus,Cheilinus chlorourus,1,0,Others,
2023,Balingasay,10,V2,GH010092,15:36,17:17,Cantherhines,dumerili,Cantherhines dumerili,1,0,Others,
2023,Balingasay,10,V2,GH020092,17:38,2:40,Chromis,margaritifer,Chromis margaritifer,1,0,Others,
2023,Balingasay,10,V2,GH020092,17:38,4:05,Chaetodon,melannotus,Chaetodon melannotus,3,0,Others,
2023,Balingasay,10,V2,GH020092,17:38,5:51,Parupeneus,multifasciatus,Parupeneus multifasciatus,1,0,Others,
2023,Balingasay,10,V2,GH020092,17:38,6:18,Zanclus,cornutus,Zanclus cornutus,2,0,Others,
2023,Balingasay,10,V2,GH020092,17:38,9:45,Parupeneus,multifasciatus,Parupeneus multifasciatus,1,0,Others,
2023,Balingasay,10,V2,GH020092,17:38,10:30,Sufflamen,bursa,Sufflamen bursa,1,0,Others,
2023,Balingasay,10,V2,GH030092,17:38,1:28,Melichthys,vidua,Melichthys vidua,1,0,Browser,
2023,Balingasay,10,V2,GH030092,17:38,3:51,Zanclus,cornutus,Zanclus cornutus,1,0,Others,
2023,Balingasay,10,V2,GH030092,17:38,9:39,Parupeneus,multifasciatus,Parupeneus multifasciatus,1,0,Others,
2023,Balingasay,10,V2,GH030092,17:38,17:16,Naso,lituratus,Naso lituratus,1,0,Browser,
2023,Balingasay,10,V2,GH040092,17:38,3:47,Naso,caeruleacauda,Naso caeruleacauda,1,0,Others,
2023,Balingasay,10,V2,GH040092,17:38,8:45,Acanthurus,nigrofuscus,Acanthurus nigrofuscus,4,0,Others,
2023,Balingasay,10,V2,GH050092,17:39,1:54,Chaetodon,kleinii,Chaetodon kleinii,2,0,Others,
2023,Balingasay,10,V2,GH050092,17:39,6:48,Zanclus,cornutus,Zanclus cornutus,1,0,Others,
2023,Balingasay,10,V2,GH050092,17:39,8:39,Fistularia,commersoni,Fistularia commersoni,2,0,Others,
2023,Balingasay,10,V2,GH060092,17:38,3:13,Acanthurus,nigrofuscus,Acanthurus nigrofuscus,1,0,Others,
2023,Balingasay,10,V2,GH060092,17:38,8:43,Parupeneus,multifasciatus,Parupeneus multifasciatus,1,0,Others,
2023,Balingasay,10,V2,GH060092,17:38,11:56,Cantherhines,dumerili,Cantherhines dumerili,1,0,Others,
2023,Balingasay,10,V2,GH060092,17:38,12:22,Zanclus,cornutus,Zanclus cornutus,1,0,Others,
2023,Balingasay,10,V2,GH060092,17:38,12:39,Thalassoma,hardwicke,Thalassoma hardwicke,1,0,Others,
2023,Balingasay,10,V2,GH060092,17:38,13:13,Chaetodon,xanthurus,Chaetodon xanthurus,2,0,Others,
2023,Balingasay,10,V2,GH070092,17:39,2:59,Oxycheilinus,digramma,Oxycheilinus digramma,1,0,Others,
2023,Balingasay,10,V2,GH070092,17:39,7:04,Parupeneus,multifasciatus,Parupeneus multifasciatus,1,0,Others,
2023,Balingasay,10,V2,GH070092,17:39,7:39,Zanclus,cornutus,Zanclus cornutus,1,0,Others,
2023,Balingasay,10,V2,GH070092,17:39,12:14,Chaetodon,lunulatus,Chaetodon lunulatus,1,0,Others,
2023,Balingasay,10,V2,GH070092,17:39,12:38,Centropyge,vroliki,Centropyge vroliki,1,0,Others,
2023,Balingasay,10,V2,GH080092,17:39,4:57,Parupeneus,multifasciatus,Parupeneus multifasciatus,1,0,Others,
2023,Balingasay,10,V2,GH080092,17:39,7:27,Cheilinus,fasciatus,Cheilinus fasciatus,1,0,Others,
2023,Balingasay,10,V2,GH080092,17:39,8:23,Acanthurus,nigrofuscus,Acanthurus nigrofuscus,1,0,Others,
2023,Balingasay,10,V2,GH080092,17:39,9:20,Chaetodon,kleinii,Chaetodon kleinii,1,0,Others,
2023,Balingasay,10,V2,GH080092,17:39,10:38,Chaetodon,lunula,Chaetodon lunula,1,0,Others,
2023,Balingasay,10,V2,GH080092,17:39,12:11,Cheilinus,chlorourus,Cheilinus chlorourus,1,0,Others,
2023,Balingasay,10,V2,GH080092,17:39,12:24,Parupeneus,multifasciatus,Parupeneus multifasciatus,1,0,Others,
2023,Balingasay,10,V2,GH080092,17:39,14:07,Centropyge,vroliki,Centropyge vroliki,1,0,Others,
2023,Balingasay,10,V2,GH080092,17:39,16:13,Chaetodon,kleinii,Chaetodon kleinii,1,0,Others,
2023,Balingasay,10,V2,GH090092,17:38,1:10,Cephalopholis,urodeta,Cephalopholis urodeta,1,0,Others,
2023,Balingasay,10,V2,GH090092,17:38,1:29,Chaetodon,kleinii,Chaetodon kleinii,1,0,Others,
2023,Balingasay,10,V2,GH090092,17:38,3:57,Chaetodon,xanthurus,Chaetodon xanthurus,2,0,Others,
2023,Balingasay,10,V2,GH090092,17:38,5:00,Chaetodon,lunulatus,Chaetodon lunulatus,2,0,Others,
2023,Balingasay,10,V2,GH090092,17:38,7:44,Acanthurus,nigrofuscus,Acanthurus nigrofuscus,1,0,Others,
2023,Balingasay,10,V2,GH090092,17:38,8:16,Centropyge,vroliki,Centropyge vroliki,1,0,Others,
2023,Balingasay,10,V2,GH090092,17:38,8:39,Parupeneus,multifasciatus,Parupeneus multifasciatus,2,0,Others,
2023,Balingasay,10,V2,GH090092,17:38,9:13,Acanthurus,nigrofuscus,Acanthurus nigrofuscus,1,0,Others,grazing
2023,Balingasay,10,V2,GH090092,17:38,14:04,Melichthys,vidua,Melichthys vidua,1,0,Browser,
2023,Balingasay,10,V2,GH100092,17:38,2:29,Acanthurus,nigrofuscus,Acanthurus nigrofuscus,1,0,Others,grazing
2023,Balingasay,10,V2,GH100092,17:38,8:13,Parupeneus,multifasciatus,Parupeneus multifasciatus,2,0,Others,
2023,Balingasay,10,V2,GH100092,17:38,16:21,Centropyge,vroliki,Centropyge vroliki,1,0,Others,
2023,Balingasay,10,V2,GH110092,17:38,1:42,Zanclus,cornutus,Zanclus cornutus,2,0,Others,
2023,Balingasay,10,V2,GH110092,17:38,3:14,Parupeneus,multifasciatus,Parupeneus multifasciatus,1,0,Others,
2023,Balingasay,10,V2,GH110092,17:38,3:53,Centropyge,vroliki,Centropyge vroliki,1,0,Others,
2023,Balingasay,10,V2,GH110092,17:38,6:19,Cheilinus,chlorourus,Cheilinus chlorourus,1,0,Others,
2023,Balingasay,10,V2,GH110092,17:38,7:34,Sufflamen,chrysopterus,Sufflamen chrysopterus,1,0,Others,
2023,Balingasay,10,V2,GH110092,17:38,10:20,Centropyge,vroliki,Centropyge vroliki,1,0,Others,
2023,Balingasay,10,V2,GH110092,17:38,10:32,Acanthurus,nigrofuscus,Acanthurus nigrofuscus,2,0,Others,
2023,Balingasay,10,V2,GH110092,17:38,11:22,Cantherhines,dumerili,Cantherhines dumerili,2,0,Others,
2023,Balingasay,10,V2,GH110092,17:38,15:28,Naso,lituratus,Naso lituratus,2,0,Browser,
2023,Balingasay,10,V2,GH110092,17:38,15:37,Centropyge,vroliki,Centropyge vroliki,1,0,Others,
2023,Balingasay,10,V2,GH110092,17:38,15:47,Acanthurus,nigrofuscus,Acanthurus nigrofuscus,1,0,Others,grazing
2023,Balingasay,10,V2,GH110092,17:38,16:08,Zebrasoma,veliferum,Zebrasoma veliferum,1,0,Others,
2023,Balingasay,10,V2,GH110092,17:38,17:20,Chaetodon,kleinii,Chaetodon kleinii,1,0,Others,
2023,Balingasay,10,V2,GH120092,17:39,0:36,Naso,lituratus,Naso lituratus,2,0,Browser,
2023,Balingasay,10,V2,GH120092,17:39,4:30,Naso,lituratus,Naso lituratus,2,0,Browser,same as GH120092
2023,Balingasay,10,V2,GH120092,17:39,4:35,Chaetodon,kleinii,Chaetodon kleinii,1,0,Others,
2023,Balingasay,10,V2,GH120092,17:39,6:57,Pervagor,janthisoma,Pervagor janthisoma,1,0,Others,
2023,Balingasay,10,V2,GH120092,17:39,9:03,Acanthurus,nigrofuscus,Acanthurus nigrofuscus,2,0,Others,
2023,Balingasay,10,V2,GH120092,17:39,9:51,Naso,lituratus,Naso lituratus,5,105,Browser,2 from GH120092
2023,Balingasay,10,V2,GH120092,17:39,14:31,Cheilinus,chlorourus,Cheilinus chlorourus,1,0,Others,
2023,Balingasay,10,V2,GH120092,17:39,15:53,Siganus,guttatus,Siganus guttatus,1,0,Others,
2023,Balingasay,10,V2,GH120092,17:39,16:17,Chaetodon,kleinii,Chaetodon kleinii,3,0,Others,
2023,Balingasay,10,V2,GH130092,17:38,0:14,Chaetodon,kleinii,Chaetodon kleinii,1,0,Others,
2023,Balingasay,10,V2,GH130092,17:38,0:30,Cheilinus,chlorourus,Cheilinus chlorourus,1,0,Others,
2023,Balingasay,10,V2,GH130092,17:38,2:42,Melichthys,vidua,Melichthys vidua,2,0,Browser,
2023,Balingasay,10,V2,GH130092,17:38,3:11,Parupeneus,multifasciatus,Parupeneus multifasciatus,1,0,Others,
2023,Balingasay,10,V2,GH130092,17:38,5:06,Siganus,guttatus,Siganus guttatus,1,0,Others,grazing
2023,Balingasay,10,V2,GH130092,17:38,6:37,Canthigaster,papua,Canthigaster papua,1,0,Others,
2023,Balingasay,10,V2,GH130092,17:38,6:46,Acanthurus,nigrofuscus,Acanthurus nigrofuscus,2,0,Others,grazing
2023,Balingasay,10,V2,GH130092,17:38,8:00,Naso,lituratus,Naso lituratus,2,2,Browser,
2023,Balingasay,10,V2,GH130092,17:38,9:23,Zanclus,cornutus,Zanclus cornutus,1,0,Others,
2023,Balingasay,10,V2,GH130092,17:38,11:33,Naso,lituratus,Naso lituratus,1,31,Browser,
2023,Balingasay,10,V2,GH130092,17:38,13:16,Cephalopholis,urodeta,Cephalopholis urodeta,1,0,Others,
2023,Balingasay,10,V2,GH140092,17:38,0:21,Naso,lituratus,Naso lituratus,1,0,Browser,
2023,Balingasay,10,V2,GH140092,17:38,1:12,Siganus,guttatus,Siganus guttatus,1,0,Others,
2023,Balingasay,10,V2,GH140092,17:38,3:41,Parupeneus,multifasciatus,Parupeneus multifasciatus,2,0,Others,
2023,Balingasay,10,V2,GH140092,17:38,6:58,Chaetodon,kleinii,Chaetodon kleinii,1,0,Others,
2023,Balingasay,10,V2,GH140092,17:38,7:59,Acanthurus,nigrofuscus,Acanthurus nigrofuscus,1,0,Others,
2023,Balingasay,10,V2,GH140092,17:38,8:45,Naso,lituratus,Naso lituratus,2,23,Browser,
2023,Balingasay,10,V2,GH140092,17:38,13:48,Chaetodon,kleinii,Chaetodon kleinii,1,0,Others,
2023,Balingasay,10,V2,GH140092,17:38,14:49,Sufflamen,bursa,Sufflamen bursa,1,0,Others,
2023,Balingasay,10,V2,GH140092,17:38,15:48,Naso,lituratus,Naso lituratus,1,34,Browser,
2023,Balingasay,10,V2,GH140092,17:38,16:51,Centropyge,vroliki,Centropyge vroliki,1,0,Others,
2023,Balingasay,10,V2,GH150092,13:00,4:11,Naso,lituratus,Naso lituratus,1,15,Browser,
2023,Balingasay,10,V2,GH150092,13:00,4:59,Sufflamen,bursa,Sufflamen bursa,1,0,Others,
2023,Balingasay,10,V3,GH010062,16:02,1:43,Acanthurus,nigrofuscus,Acanthurus nigrofuscus,3,0,Others,
2023,Balingasay,10,V3,GH010062,16:02,2:06,Thalassoma,hardwicke,Thalassoma hardwicke,1,0,Others,
2023,Balingasay,10,V3,GH010062,16:02,4:27,Centropyge,vroliki,Centropyge vroliki,1,0,Others,
2023,Balingasay,10,V3,GH010062,16:02,7:20,Chaetodon,xanthurus,Chaetodon xanthurus,1,0,Others,
2023,Balingasay,10,V3,GH010062,16:02,9:22,Sufflamen,bursa,Sufflamen bursa,1,0,Others,
2023,Balingasay,10,V3,GH010062,16:02,11:40,Cheilinus,fasciatus,Cheilinus fasciatus,1,0,Others,
2023,Balingasay,10,V3,GH010062,16:02,14:58,Cheilinus,chlorourus,Cheilinus chlorourus,1,0,Others,
2023,Balingasay,10,V3,GH010062,16:02,15:54,Forcipiger,longirostris,Forcipiger longirostris,1,0,Others,
2023,Balingasay,10,V3,GH010062,16:02,17:15,Arothron,nigropunctatus,Arothron nigropunctatus,1,0,Others,
2023,Balingasay,10,V3,GH020062,17:38,2:21,Cheilinus,chlorourus,Cheilinus chlorourus,1,0,Others,
2023,Balingasay,10,V3,GH020062,17:38,3:11,Chlorurus,spilurus,Chlorurus spilurus,1,0,Others,
2023,Balingasay,10,V3,GH020062,17:38,3:11,Chaetodon,melannotus,Chaetodon melannotus,1,0,Others,
2023,Balingasay,10,V3,GH020062,17:38,3:24,Centropyge,vroliki,Centropyge vroliki,1,0,Others,
2023,Balingasay,10,V3,GH020062,17:38,3:33,Sufflamen,chrysopterus,Sufflamen chrysopterus,1,0,Others,
2023,Balingasay,10,V3,GH020062,17:38,3:43,Acanthurus,nigrofuscus,Acanthurus nigrofuscus,1,0,Others,grazing
2023,Balingasay,10,V3,GH020062,17:38,4:04,Amanses,scopas,Amanses scopas,1,0,Others,
2023,Balingasay,10,V3,GH020062,17:38,7:38,Centropyge,vroliki,Centropyge vroliki,1,0,Others,
2023,Balingasay,10,V3,GH020062,17:38,10:02,Forcipiger,longirostris,Forcipiger longirostris,1,0,Others,
2023,Balingasay,10,V3,GH020062,17:38,12:14,Zanclus,cornutus,Zanclus cornutus,1,0,Others,
2023,Balingasay,10,V3,GH020062,17:38,14:00,Sufflamen,chrysopterus,Sufflamen chrysopterus,1,0,Others,
2023,Balingasay,10,V3,GH020062,17:38,14:14,Naso,lituratus,Naso lituratus,2,0,Browser,
2023,Balingasay,10,V3,GH020062,17:38,16:06,Oxycheilinus,digramma,Oxycheilinus digramma,2,0,Others,
2023,Balingasay,10,V3,GH020062,17:38,16:35,Acanthurus,nigrofuscus,Acanthurus nigrofuscus,1,0,Others,
2023,Balingasay,10,V3,GH030062,17:39,0:47,Thalassoma,hardwicke,Thalassoma hardwicke,1,0,Others,
2023,Balingasay,10,V3,GH030062,17:39,3:36,Chaetodon,lunula,Chaetodon lunula,1,0,Others,
2023,Balingasay,10,V3,GH030062,17:39,5:19,Scarus,niger,Scarus niger,1,0,Others,
2023,Balingasay,10,V3,GH030062,17:39,6:02,Chaetodon,kleinii,Chaetodon kleinii,2,0,Others,
2023,Balingasay,10,V3,GH030062,17:39,6:22,Acanthurus,nigrofuscus,Acanthurus nigrofuscus,1,0,Others,
2023,Balingasay,10,V3,GH030062,17:39,10:05,Cheilinus,fasciatus,Cheilinus fasciatus,1,0,Others,
2023,Balingasay,10,V3,GH030062,17:39,10:20,Zanclus,cornutus,Zanclus cornutus,1,0,Others,
2023,Balingasay,10,V3,GH030062,17:39,13:58,Chaetodon,kleinii,Chaetodon kleinii,1,0,Others,
2023,Balingasay,10,V3,GH040062,17:39,0:08,Chaetodon,melannotus,Chaetodon melannotus,1,0,Others,
2023,Balingasay,10,V3,GH040062,17:39,0:22,Chaetodon,kleinii,Chaetodon kleinii,2,0,Others,
2023,Balingasay,10,V3,GH040062,17:39,5:47,Centropyge,vroliki,Centropyge vroliki,1,0,Others,
2023,Balingasay,10,V3,GH040062,17:39,11:11,Chaetodon,kleinii,Chaetodon kleinii,1,0,Others,
2023,Balingasay,10,V3,GH040062,17:39,12:00,Bodianus,mesothorax,Bodianus mesothorax,1,0,Others,
2023,Balingasay,10,V3,GH040062,17:39,13:50,Sufflamen,chrysopterus,Sufflamen chrysopterus,1,0,Others,
2023,Balingasay,10,V3,GH040062,17:39,15:54,Chaetodon,xanthurus,Chaetodon xanthurus,2,0,Others,
2023,Balingasay,10,V3,GH050062,17:38,0:22,Melichthys,vidua,Melichthys vidua,1,0,Browser,
2023,Balingasay,10,V3,GH050062,17:38,2:23,Chaetodon,lunulatus,Chaetodon lunulatus,2,0,Others,
2023,Balingasay,10,V3,GH050062,17:38,4:12,Chlorurus,spilurus,Chlorurus spilurus,1,0,Others,
2023,Balingasay,10,V3,GH050062,17:38,4:23,Centropyge,vroliki,Centropyge vroliki,1,0,Others,
2023,Balingasay,10,V3,GH050062,17:38,4:47,Zanclus,cornutus,Zanclus cornutus,1,0,Others,
2023,Balingasay,10,V3,GH050062,17:38,8:05,Centropyge,vroliki,Centropyge vroliki,1,0,Others,
2023,Balingasay,10,V3,GH050062,17:38,10:28,Neoglyphidodon,nigroris,Neoglyphidodon nigroris,1,0,Others,
2023,Balingasay,10,V3,GH050062,17:38,10:41,Oxycheilinus,digramma,Oxycheilinus digramma,1,0,Others,
2023,Balingasay,10,V3,GH050062,17:38,11:07,Acanthurus,nigrofuscus,Acanthurus nigrofuscus,2,0,Others,
2023,Balingasay,10,V3,GH050062,17:38,13:16,Amanses,scopas,Amanses scopas,1,0,Others,
2023,Balingasay,10,V3,GH050062,17:38,15:33,Cheilinus,chlorourus,Cheilinus chlorourus,1,0,Others,
2023,Balingasay,10,V3,GH060062,17:39,2:25,Parupeneus,multifasciatus,Parupeneus multifasciatus,1,0,Others,
2023,Balingasay,10,V3,GH060062,17:39,5:29,Naso,lituratus,Naso lituratus,3,0,Browser,
2023,Balingasay,10,V3,GH060062,17:39,5:57,Caranx,sexfasciatus,Caranx sexfasciatus,1,0,Others,
2023,Balingasay,10,V3,GH060062,17:39,6:00,Chaetodon,melannotus,Chaetodon melannotus,1,0,Others,
2023,Balingasay,10,V3,GH060062,17:39,7:23,Centropyge,vroliki,Centropyge vroliki,1,0,Others,
2023,Balingasay,10,V3,GH060062,17:39,7:34,Pterocaesio,pisang,Pterocaesio pisang,41,0,Others,
2023,Balingasay,10,V3,GH060062,17:39,8:44,Chaetodon,citrinellus,Chaetodon citrinellus,1,0,Others,
2023,Balingasay,10,V3,GH060062,17:39,9:56,Chaetodon,lunulatus,Chaetodon lunulatus,2,0,Others,
2023,Balingasay,10,V3,GH060062,17:39,12:16,Chlorurus,spilurus,Chlorurus spilurus,1,0,Others,
2023,Balingasay,10,V3,GH060062,17:39,14:11,Chlorurus,spilurus,Chlorurus spilurus,1,0,Others,
2023,Balingasay,10,V3,GH060062,17:39,16:52,Naso,lituratus,Naso lituratus,2,0,Browser,
2023,Balingasay,10,V3,GH060062,17:39,17:17,Chaetodon,kleinii,Chaetodon kleinii,1,0,Others,
2023,Balingasay,10,V3,GH070062,4:43,0:38,Chaetodon,auriga,Chaetodon auriga,1,0,Others,
2023,Balingasay,10,V3,GH070062,4:43,1:51,Acanthurus,nigrofuscus,Acanthurus nigrofuscus,3,0,Others,
2023,Balingasay,20,V1,GH010071,9:10,2:44,Lutjanus,bigguttatus,Lutjanus bigguttatus,3,0,Others,
2023,Balingasay,20,V1,GH010071,9:10,4:31,Caesio,caerulaurea,Caesio caerulaurea,2,0,Others,
2023,Balingasay,20,V1,GH010071,9:10,4:44,Bodianus,mesothorax,Bodianus mesothorax,1,0,Others,
2023,Balingasay,20,V1,GH010071,9:10,5:12,Zanclus,cornutus,Zanclus cornutus,1,0,Others,
2023,Balingasay,20,V1,GH010071,9:10,6:08,Acanthurus,nigrofuscus,Acanthurus nigrofuscus,1,0,Others,
2023,Balingasay,20,V1,GH010071,9:10,8:02,Parupeneus,multifasciatus,Parupeneus multifasciatus,1,0,Others,
2023,Balingasay,20,V1,GH010071,9:10,11:20,Caranx,melampygus,Caranx melampygus,1,0,Others,
2023,Balingasay,20,V1,GH020071,11:47,2:05,Arothron,nigropunctatus,Arothron nigropunctatus,1,0,Others,
2023,Balingasay,20,V1,GH020071,11:47,3:18,Acanthurus,pyroferus,Acanthurus pyroferus,1,0,Others,
2023,Balingasay,20,V1,GH020071,11:47,4:15,Neoglyphidodon,nigroris,Neoglyphidodon nigroris,1,0,Others,
2023,Balingasay,20,V1,GH020071,11:47,8:34,Chaetodon,lunula,Chaetodon lunula,1,0,Others,
2023,Balingasay,20,V1,GH030071,11:47,1:02,Oxycheilinus,digramma,Oxycheilinus digramma,1,0,Others,
2023,Balingasay,20,V1,GH030071,11:47,3:35,Bodianus,mesothorax,Bodianus mesothorax,1,0,Others,
2023,Balingasay,20,V1,GH030071,11:47,11:02,Caesio,caeruleacauda,Caesio caeruleacauda,10,0,Others,
2023,Balingasay,20,V1,GH040071,11:47,1:03,Forcipiger,longirostris,Forcipiger longirostris,1,0,Others,
2023,Balingasay,20,V1,GH040071,11:47,1:03,Pomacentrus,philippinus,Pomacentrus philippinus,1,0,Others,
2023,Balingasay,20,V1,GH040071,11:47,1:40,Forcipiger,longirostris,Forcipiger longirostris,1,0,Others,
2023,Balingasay,20,V1,GH040071,11:47,2:14,Pomacentrus,lepidogenys,Pomacentrus lepidogenys,1,0,Others,
2023,Balingasay,20,V1,GH040071,11:47,2:14,Chaetodon,kleinii,Chaetodon kleinii,1,0,Others,
2023,Balingasay,20,V1,GH040071,11:47,3:02,Arothron,nigropunctatus,Arothron nigropunctatus,1,0,Others,
2023,Balingasay,20,V1,GH040071,11:47,3:07,Centropyge,vroliki,Centropyge vroliki,1,0,Others,
2023,Balingasay,20,V1,GH040071,11:47,3:26,Amblylglyphidodo,ternatensis,Amblylglyphidodo ternatensis,4,0,Others,
2023,Balingasay,20,V1,GH040071,11:47,4:03,Lutjanus,bigguttatus,Lutjanus bigguttatus,8,0,Others,
2023,Balingasay,20,V1,GH040071,11:47,4:52,Centropyge,bispinossa,Centropyge bispinossa,1,0,Others,
2023,Balingasay,20,V1,GH040071,11:47,5:06,Zanclus,cornutus,Zanclus cornutus,1,0,Others,
2023,Balingasay,20,V1,GH040071,11:47,9:24,Myripristis,botche,Myripristis botche,3,0,Others,
2023,Balingasay,20,V1,GH050071,11:48,1:56,Chromis,ternatensis,Chromis ternatensis,1,0,Others,
2023,Balingasay,20,V1,GH050071,11:48,6:46,Pterocaesio,pisang,Pterocaesio pisang,1,0,Others,
2023,Balingasay,20,V1,GH050071,11:48,9:09,Chaetodon,ornatus,Chaetodon ornatus,1,0,Others,
2023,Balingasay,20,V1,GH050071,11:48,11:15,Chaetodon,kleinii,Chaetodon kleinii,1,0,Others,
2023,Balingasay,20,V1,GH060071,11:47,5:20,Pomacentrus,philippinus,Pomacentrus philippinus,1,0,Others,
2023,Balingasay,20,V1,GH060071,11:47,8:03,Lutjanus,decussatus,Lutjanus decussatus,1,0,Others,
2023,Balingasay,20,V1,GH060071,11:47,9:08,Siganus,doliatus,Siganus doliatus,2,0,Browser,
2023,Balingasay,20,V1,GH070071,11:47,3:20,Naso,unicornis,Naso unicornis,1,0,Browser,
2023,Balingasay,20,V1,GH070071,11:47,4:22,Pomacentrus,lepidogenys,Pomacentrus lepidogenys,1,0,Others,
2023,Balingasay,20,V1,GH070071,11:47,6:48,Zanclus,cornutus,Zanclus cornutus,1,0,Others,
2023,Balingasay,20,V1,GH080071,11:48,7:08,Chaetodon,auriga,Chaetodon auriga,1,0,Others,
2023,Balingasay,20,V1,GH090071,11:48,2:08,Pygoplites,diacanthus,Pygoplites diacanthus,2,0,Others,
2023,Balingasay,20,V1,GH090071,11:48,2:36,Centropyge,vroliki,Centropyge vroliki,1,0,Others,
2023,Balingasay,20,V1,GH090071,11:48,4:31,Zanclus,cornutus,Zanclus cornutus,1,0,Others,
2023,Balingasay,20,V1,GH090071,11:48,4:51,Chaetodon,kleinii,Chaetodon kleinii,2,0,Others,
2023,Balingasay,20,V1,GH090071,11:48,5:02,Forcipiger,longirostris,Forcipiger longirostris,1,0,Others,
2023,Balingasay,20,V1,GH090071,11:48,6:37,Amanses,scopas,Amanses scopas,1,0,Others,
2023,Balingasay,20,V1,GH090071,11:48,8:25,Centropyge,vroliki,Centropyge vroliki,2,0,Others,
2023,Balingasay,20,V1,GH090071,11:48,9:12,Chaetodon,lunulatus,Chaetodon lunulatus,2,0,Others,
2023,Balingasay,20,V1,GH100071,11:47,1:15,Labracinus,cyclostomus,Labracinus cyclostomus,1,0,Others,
2023,Balingasay,20,V1,GH100071,11:47,8:00,Scarus,niger,Scarus niger,1,0,Others,
2023,Balingasay,20,V1,GH110071,11:47,8:59,Pempheris,vanicolensis,Pempheris vanicolensis,3,0,Others,
2023,Balingasay,20,V1,GH120071,11:47,0:36,Pomacentrus,philippinus,Pomacentrus philippinus,2,0,Others,
2023,Balingasay,20,V1,GH120071,11:47,2:00,Centropyge,heraldi,Centropyge heraldi,1,0,Others,
2023,Balingasay,20,V1,GH120071,11:47,7:04,Scarus,niger,Scarus niger,1,0,Others,
2023,Balingasay,20,V1,GH120071,11:47,7:55,Chlorurus,spilurus,Chlorurus spilurus,1,0,Others,
2023,Balingasay,20,V1,GH120071,11:47,8:20,Acanthurus,nigrofuscus,Acanthurus nigrofuscus,1,0,Others,
2023,Balingasay,20,V1,GH120071,11:47,9:58,Balistapus,undulatus,Balistapus undulatus,1,0,Others,
2023,Balingasay,20,V1,GH120071,11:47,11:20,Centropyge,vroliki,Centropyge vroliki,1,0,Others,
2023,Balingasay,20,V1,GH130071,11:48,1:54,Hipposcarus,longiceps,Hipposcarus longiceps,1,0,Others,
2023,Balingasay,20,V1,GH130071,11:48,4:44,Centropyge,vroliki,Centropyge vroliki,2,0,Others,
2023,Balingasay,20,V1,GH130071,11:48,5:55,Parupeneus,multifasciatus,Parupeneus multifasciatus,1,0,Others,
2023,Balingasay,20,V1,GH140071,11:47,0:04,Caranx,melampygus,Caranx melampygus,1,0,Others,
2023,Balingasay,20,V1,GH140071,11:47,1:05,Acanthurus,pyroferus,Acanthurus pyroferus,1,0,Others,grazing
2023,Balingasay,20,V1,GH140071,11:47,5:17,Siganus,doliatus,Siganus doliatus,2,0,Browser,
2023,Balingasay,20,V1,GH140071,11:47,5:17,Chlorurus,spilurus,Chlorurus spilurus,1,0,Others,
2023,Balingasay,20,V1,GH140071,11:47,8:12,Zanclus,cornutus,Zanclus cornutus,1,0,Others,
2023,Balingasay,20,V1,GH150071,11:47,2:04,Chaetodon,xanthurus,Chaetodon xanthurus,2,0,Others,
2023,Balingasay,20,V1,GH150071,11:47,9:30,Labroides,dimidiatus,Labroides dimidiatus,1,0,Others,
2023,Balingasay,20,V1,GH150071,11:47,10:51,Bodianus,mesothorax,Bodianus mesothorax,1,0,Others,
2023,Balingasay,20,V1,GH160071,11:47,1:28,Parupeneus,multifasciatus,Parupeneus multifasciatus,1,0,Others,
2023,Balingasay,20,V1,GH160071,11:47,3:48,Centropyge,vroliki,Centropyge vroliki,2,0,Others,
2023,Balingasay,20,V1,GH160071,11:47,6:02,Acanthurus,nigrofuscus,Acanthurus nigrofuscus,1,0,Others,
2023,Balingasay,20,V1,GH160071,11:47,6:29,Forcipiger,longirostris,Forcipiger longirostris,2,0,Others,
2023,Balingasay,20,V1,GH160071,11:47,6:40,Hipposcarus,longiceps,Hipposcarus longiceps,1,0,Others,grazing
2023,Balingasay,20,V1,GH160071,11:47,8:58,Scarus,niger,Scarus niger,1,0,Others,
2023,Balingasay,20,V1,GH160071,11:47,10:00,Chaetodon,kleinii,Chaetodon kleinii,1,0,Others,
2023,Balingasay,20,V1,GH170071,11:47,3:34,Lutjanus,decussatus,Lutjanus decussatus,1,0,Others,
2023,Balingasay,20,V1,GH170071,11:47,4:19,Scarus,niger,Scarus niger,3,0,Others,grazing
2023,Balingasay,20,V1,GH170071,11:47,5:09,Zanclus,cornutus,Zanclus cornutus,1,0,Others,
2023,Balingasay,20,V1,GH170071,11:47,6:08,Acanthurus,nigrofuscus,Acanthurus nigrofuscus,2,0,Others,grazing
2023,Balingasay,20,V1,GH170071,11:47,7:55,Balistapus,undulatus,Balistapus undulatus,1,0,Others,
2023,Balingasay,20,V1,GH170071,11:47,9:08,Gomphosus,varius,Gomphosus varius,1,0,Others,
2023,Balingasay,20,V1,GH180071,11:47,8:34,Chromis,ovatiformis,Chromis ovatiformis,7,0,Others,
2023,Balingasay,20,V1,GH190071,11:47,9:38,Balistapus,undulatus,Balistapus undulatus,1,0,Others,
2023,Balingasay,20,V1,GH190071,11:47,10:20,Chromis,scotochiloptera,Chromis scotochiloptera,1,0,Others,
2023,Balingasay,20,V1,GH200071,11:47,1:21,Hipposcarus,longiceps,Hipposcarus longiceps,1,0,Others,
2023,Balingasay,20,V1,GH200071,11:47,3:06,Chlorurus,spilurus,Chlorurus spilurus,1,0,Others,
2023,Balingasay,20,V1,GH200071,11:47,4:08,Scarus,niger,Scarus niger,2,0,Others,
2023,Balingasay,20,V1,GH210071,10:16,0:40,Chaetodon,lunulatus,Chaetodon lunulatus,1,0,Others,
2023,Balingasay,20,V1,GH210071,10:16,0:50,Labroides,dimidiatus,Labroides dimidiatus,1,0,Others,
2023,Balingasay,20,V1,GH210071,10:16,1:14,Chromis,scotochiloptera,Chromis scotochiloptera,2,0,Others,
2023,Balingasay,20,V1,GH210071,10:16,3:34,Pygoplites,diacanthus,Pygoplites diacanthus,1,0,Others,
2023,Balingasay,20,V1,GH210071,10:16,5:03,Scarus,niger,Scarus niger,1,0,Others,grazing
2023,Balingasay,20,V1,GH210071,10:16,6:25,Acanthurus,nigrofuscus,Acanthurus nigrofuscus,1,0,Others,grazing
2023,Balingasay,20,V1,GH210071,10:16,7:10,Chlorurus,sordidus,Chlorurus sordidus,1,0,Others,grazing
2023,Balingasay,20,V1,GH210071,10:16,8:14,Scarus,niger,Scarus niger,1,0,Others,
2023,Balingasay,20,V1,GH210071,10:16,9:50,Ctenochaetus,striatus,Ctenochaetus striatus,1,0,Others,
2023,Balingasay,20,V2,GH010068,15:38,8:04,Chaetodon,kleinii,Chaetodon kleinii,1,0,Others,
2023,Balingasay,20,V2,GH010068,15:38,14:00,Labracinus,cyclostomus,Labracinus cyclostomus,1,0,Others,
2023,Balingasay,20,V2,GH010068,15:38,16:35,Zanclus,cornutus,Zanclus cornutus,1,0,Others,
2023,Balingasay,20,V2,GH020068,17:38,0:50,Caesio,caerulaurea,Caesio caerulaurea,1,0,Others,
2023,Balingasay,20,V2,GH020068,17:38,3:47,Ctenochaetus,striatus,Ctenochaetus striatus,2,0,Others,grazing
2023,Balingasay,20,V2,GH020068,17:38,9:24,Oxycheilinus,digramma,Oxycheilinus digramma,1,0,Others,
2023,Balingasay,20,V2,GH030068,17:39,0:52,Chaetodon,lunulatus,Chaetodon lunulatus,1,0,Others,
2023,Balingasay,20,V2,GH030068,17:39,4:12,Pomacentrus,stigma,Pomacentrus stigma,2,0,Others,
2023,Balingasay,20,V2,GH030068,17:39,11:25,Chaetodon,kleinii,Chaetodon kleinii,1,0,Others,
2023,Balingasay,20,V2,GH030068,17:39,13:40,Oxycheilinus,digramma,Oxycheilinus digramma,1,0,Others,
2023,Balingasay,20,V2,GH040068,17:38,4:07,Pterocaesio,pisang,Pterocaesio pisang,21,0,Others,
2023,Balingasay,20,V2,GH040068,17:38,5:55,Acanthochromis,polyacanthus,Acanthochromis polyacanthus,2,0,Others,
2023,Balingasay,20,V2,GH040068,17:38,6:31,Acanthurus,nigrofuscus,Acanthurus nigrofuscus,1,0,Others,
2023,Balingasay,20,V2,GH040068,17:38,8:09,Zanclus,cornutus,Zanclus cornutus,1,0,Others,
2023,Balingasay,20,V2,GH040068,17:38,8:51,Cheilinus,chlorourus,Cheilinus chlorourus,1,0,Others,
2023,Balingasay,20,V2,GH040068,17:38,9:13,Arothron,nigropunctatus,Arothron nigropunctatus,1,0,Others,
2023,Balingasay,20,V2,GH040068,17:38,9:46,Chlorurus,spilurus,Chlorurus spilurus,1,0,Others,
2023,Balingasay,20,V2,GH040068,17:38,13:26,Forcipiger,longirostris,Forcipiger longirostris,1,0,Others,
2023,Balingasay,20,V2,GH040068,17:38,14:04,Heniochus,chrysostomus,Heniochus chrysostomus,1,0,Others,
2023,Balingasay,20,V2,GH040068,17:38,16:03,Cheilinus,chlorourus,Cheilinus chlorourus,1,0,Others,
2023,Balingasay,20,V2,GH050068,17:38,7:36,Scarus,niger,Scarus niger,1,0,Others,
2023,Balingasay,20,V2,GH050068,17:38,12:41,Ctenochaetus,striatus,Ctenochaetus striatus,1,0,Others,
2023,Balingasay,20,V2,GH060068,17:38,1:44,Ctenochaetus,striatus,Ctenochaetus striatus,4,0,Others,
2023,Balingasay,20,V2,GH060068,17:38,9:06,Acanthurus,nigrofuscus,Acanthurus nigrofuscus,2,0,Others,
2023,Balingasay,20,V2,GH070068,17:38,16:00,Acanthurus,nigrofuscus,Acanthurus nigrofuscus,2,0,Others,
2023,Balingasay,20,V2,GH080068,17:39,12:20,Oxycheilinus,digramma,Oxycheilinus digramma,1,0,Others,
2023,Balingasay,20,V2,GH090068,17:39,10:55,Chaetodon,kleinii,Chaetodon kleinii,1,0,Others,
2023,Balingasay,20,V2,GH090068,17:39,11:16,Zanclus,cornutus,Zanclus cornutus,2,0,Others,
2023,Balingasay,20,V2,GH100068,17:38,6:53,Chaetodon,kleinii,Chaetodon kleinii,1,0,Others,
2023,Balingasay,20,V2,GH100068,17:38,15:52,Arothron,nigropunctatus,Arothron nigropunctatus,1,0,Others,
2023,Balingasay,20,V2,GH110068,17:38,0:11,Chaetodon,vagabundus,Chaetodon vagabundus,1,0,Others,
2023,Balingasay,20,V2,GH110068,17:38,0:27,Zanclus,cornutus,Zanclus cornutus,1,0,Others,
2023,Balingasay,20,V2,GH110068,17:38,1:13,Chaetodon,kleinii,Chaetodon kleinii,1,0,Others,
2023,Balingasay,20,V2,GH120068,17:38,0:56,Oxycheilinus,digramma,Oxycheilinus digramma,1,0,Others,
2023,Balingasay,20,V2,GH120068,17:38,2:04,Acanthurus,nigrofuscus,Acanthurus nigrofuscus,1,0,Others,
2023,Balingasay,20,V2,GH120068,17:38,5:34,Zanclus,cornutus,Zanclus cornutus,1,0,Others,
2023,Balingasay,20,V2,GH130068,17:38,1:51,Zanclus,cornutus,Zanclus cornutus,1,0,Others,
2023,Balingasay,20,V2,GH130068,17:38,6:36,Chaetodon,kleinii,Chaetodon kleinii,1,0,Others,
2023,Balingasay,20,V2,GH130068,17:38,8:25,Naso,unicornis,Naso unicornis,1,0,Browser,
2023,Balingasay,20,V2,GH130068,17:38,9:29,Arothron,nigropunctatus,Arothron nigropunctatus,1,0,Others,
2023,Balingasay,20,V2,GH130068,17:38,12:39,Naso,unicornis,Naso unicornis,1,0,Browser,
2023,Balingasay,20,V2,GH130068,17:38,13:00,Chaetodon,speculum,Chaetodon speculum,1,0,Others,
2023,Balingasay,20,V2,GH130068,17:38,13:48,Chaetodon,lunulatus,Chaetodon lunulatus,2,0,Others,
2023,Balingasay,20,V2,GH130068,17:38,14:17,Acanthurus,nigrofuscus,Acanthurus nigrofuscus,4,0,Others,
2023,Balingasay,20,V2,GH140068,17:38,2:16,Acanthurus,nigricans,Acanthurus nigricans,1,2,Others,grazing
2023,Balingasay,20,V2,GH140068,17:38,2:32,Cheilinus,fasciatus,Cheilinus fasciatus,1,0,Others,
2023,Balingasay,20,V2,GH150068,8:57,2:42,Sphyraena,barracuda,Sphyraena barracuda,1,0,Others,
2023,Balingasay,20,V2,GH150068,8:57,8:57,Cheilinus,fasciatus,Cheilinus fasciatus,1,0,Others,
2023,Balingasay,20,V3,GH010057,11:34,7:03,Balistapus,undulatus,Balistapus undulatus,1,0,Others,
2023,Balingasay,20,V3,GH010057,11:34,7:43,Labracinus,cyclostomus,Labracinus cyclostomus,1,0,Others,
2023,Balingasay,20,V3,GH010057,11:34,8:34,Cephalopholis,urodeta,Cephalopholis urodeta,1,0,Others,
2023,Balingasay,20,V3,GH010057,11:34,8:34,Chromis,margaritifer,Chromis margaritifer,2,0,Others,
2023,Balingasay,20,V3,GH010057,11:34,9:32,Pomacentrus,stigma,Pomacentrus stigma,1,0,Others,
2023,Balingasay,20,V3,GH020057,11:15,-,-,-,- -,0,0,None,
2023,Balingasay,20,V3,GH030057,17:38,6:14,Pterocaesio,pisang,Pterocaesio pisang,1,0,Others,
2023,Balingasay,20,V3,GH030057,17:38,7:57,Gomphosus,varius,Gomphosus varius,1,0,Others,
2023,Balingasay,20,V3,GH040057,17:38,11:04,Arothron,nigropunctatus,Arothron nigropunctatus,1,0,Others,
2023,Balingasay,20,V3,GH040057,17:38,17:23,Centropyge,vroliki,Centropyge vroliki,1,0,Others,
2023,Balingasay,20,V3,GH050057,17:39,-,-,-,- -,-,0,None,
2023,Balingasay,20,V3,GH060057,17:39,12:44,Caesio,caeruleacauda,Caesio caeruleacauda,1,0,Others,
2023,Balingasay,20,V3,GH070057,17:39,4:54,Pterocaesio,pisang,Pterocaesio pisang,23,0,Others,
2023,Balingasay,20,V3,GH070057,17:39,15:47,Scarus,niger,Scarus niger,1,0,Others,
2023,Balingasay,20,V3,GH070057,17:39,16:40,Siganus,guttatus,Siganus guttatus,1,0,Others,
2023,Balingasay,20,V3,GH080057,17:38,2:09,Oxycheilinus,digramma,Oxycheilinus digramma,1,0,Others,
2023,Balingasay,20,V3,GH090057,17:39,0:36,Zanclus,cornutus,Zanclus cornutus,1,0,Others,
2023,Balingasay,20,V3,GH090057,17:39,0:36,Chaetodon,lunulatus,Chaetodon lunulatus,2,0,Others,
2023,Balingasay,20,V3,GH0100057,17:39,5:30,Siganus,guttatus,Siganus guttatus,2,0,Others,
2023,Balingasay,20,V3,GH0100057,17:39,5:44,Ctenochaetus,striatus,Ctenochaetus striatus,1,0,Others,
2023,Balingasay,20,V3,GH0100057,17:39,5:44,Chaetodon,lunulatus,Chaetodon lunulatus,1,0,Others,
2023,Balingasay,20,V3,GH0110057,17:39,8:14,Labroides,bicolor,Labroides bicolor,1,0,Others,
2023,Balingasay,20,V3,GH0110057,17:39,10:50,Carcharhinus,melanopterus,Carcharhinus melanopterus,1,0,Others,
2023,Balingasay,20,V3,GH0110057,17:39,16:41,Mulloidichthys,vanicolensis,Mulloidichthys vanicolensis,2,0,Others,
2023,Balingasay,20,V3,GH0120057,17:39,4:20,Arothron,nigropunctatus,Arothron nigropunctatus,1,0,Others,
2023,Balingasay,20,V3,GH0120057,17:39,8:11,Oxycheilinus,digramma,Oxycheilinus digramma,1,0,Others,
2023,Balingasay,20,V3,GH0130057,17:38,1:19,Fistularia,commersoni,Fistularia commersoni,1,0,Others,
2023,Balingasay,20,V3,GH0130057,17:38,1:23,Chaetodon,lunula,Chaetodon lunula,3,0,Others,
2023,Balingasay,20,V3,GH0130057,17:38,1:23,Labroides,bicolor,Labroides bicolor,1,0,Others,
2023,Balingasay,20,V3,GH0130057,17:38,3:38,Arothron,nigropunctatus,Arothron nigropunctatus,1,0,Others,
2023,Balingasay,20,V3,GH0130057,17:38,3:38,Chaetodon,kleinii,Chaetodon kleinii,2,0,Others,
2023,Balingasay,20,V3,GH0130057,17:38,3:38,Pygoplites,diacanthus,Pygoplites diacanthus,1,0,Others,
2023,Balingasay,20,V3,GH0130057,17:38,4:19,Zanclus,cornutus,Zanclus cornutus,1,0,Others,
2023,Balingasay,20,V3,GH0130057,17:38,11:40,Forcipiger,longirostris,Forcipiger longirostris,1,0,Others,
2023,Balingasay,20,V3,GH0140057,17:38,1:01,Naso,unicornis,Naso unicornis,1,0,Browser,
2023,Balingasay,20,V3,GH0140057,17:38,6:08,Oxycheilinus,digramma,Oxycheilinus digramma,1,0,Others,
2023,Balingasay,20,V3,GH0140057,17:38,6:27,Pterocaesio,pisang,Pterocaesio pisang,11,0,Others,
2023,Balingasay,20,V3,GH0140057,17:38,11:21,Chaetodon,kleinii,Chaetodon kleinii,2,0,Others,
2023,Balingasay,20,V3,GH0140057,17:38,15:55,Cheilinus,chlorourus,Cheilinus chlorourus,1,0,Others,
2023,Balingasay,20,V3,GH0150057,10:50,2:34,Oxycheilinus,digramma,Oxycheilinus digramma,1,0,Others,
2023,Balingasay,20,V3,GH0150057,10:50,2:34,Zanclus,cornutus,Zanclus cornutus,1,0,Others,
2023,Balingasay,20,V3,GH0150057,10:50,10:22,Carcharhinus,melanopterus,Carcharhinus melanopterus,1,0,Others,
2023,Balingasay,30,V1,GH010077,11:47,10:22,-,-,- -,-,0,None,
2023,Balingasay,30,V1,GH020077,11:47,10:22,-,-,- -,-,0,None,
2023,Balingasay,30,V1,GH030077,7:45,10:22,-,-,- -,-,0,None,
2023,Balingasay,30,V2,GH010079,17:38,10:22,-,-,- -,-,0,None,
2023,Balingasay,30,V2,GH020079,17:38,10:22,-,-,- -,-,0,None,
2023,Balingasay,30,V2,GH030079,17:39,10:22,-,-,- -,-,0,None,
2023,Balingasay,30,V2,GH040079,17:39,10:22,-,-,- -,-,0,None,
2023,Balingasay,30,V2,GH040079,17:38,11:51,Caranx,sexfasciatus,Caranx sexfasciatus,3,0,Others,
2023,Balingasay,30,V2,GH050079,17:39,6:00,Caranx,sexfasciatus,Caranx sexfasciatus,1,0,Others,
2023,Balingasay,30,V2,GH060079,17:38,11:12,Caranx,sexfasciatus,Caranx sexfasciatus,1,0,Others,
2023,Balingasay,30,V2,GH070079,17:39,11:12,-,-,- -,-,0,None,
2023,Balingasay,30,V2,GH080079,17:38,11:12,-,-,- -,-,0,None,
2023,Balingasay,30,V2,GH090079,17:38,6:17,Ostracion,cubicus,Ostracion cubicus,1,0,Others,
2023,Balingasay,30,V2,GH090079,17:38,10:58,Caranx,sexfasciatus,Caranx sexfasciatus,1,0,Others,
2023,Balingasay,30,V2,GH0100079,17:38,14:43,Caranx,sexfasciatus,Caranx sexfasciatus,1,0,Others,
2023,Balingasay,30,V2,GH0110079,17:39,1:45,Carangoides,ferdau,Carangoides ferdau,4,0,Others,
2023,Balingasay,30,V2,GH0120079,17:38,1:45,-,-,- -,-,0,None,
2023,Balingasay,30,V2,GH0130079,17:38,1:45,-,-,- -,-,0,None,
2023,Balingasay,30,V2,GH0140079,17:38,1:45,-,-,- -,-,0,None,
2023,Balingasay,30,V2,GH0150079,6:13,1:45,-,-,- -,-,0,None,
2023,Balingasay,30,V3,GH010068,16:14,1:45,-,-,- -,-,0,None,
2023,Balingasay,30,V3,GH020068,17:38,-,-,-,- -,-,0,None,
2023,Balingasay,30,V3,GH030068,17:39,-,-,-,- -,-,0,None,
2023,Balingasay,30,V3,GH040068,17:38,-,-,-,- -,-,0,None,
2023,Balingasay,30,V3,GH050068,17:39,-,-,-,- -,-,0,None,
2023,Balingasay,30,V3,GH060068,17:39,-,-,-,- -,-,0,None,
2023,Balingasay,30,V3,GH070068,17:38,0:25,Carangoides,ferdau,Carangoides ferdau,1,0,Others,
2023,Balingasay,30,V3,GH080068,17:38,-,-,-,- -,-,0,None,
2023,Balingasay,30,V3,GH090068,17:39,-,-,-,- -,-,0,None,
2023,Balingasay,30,V3,GH0100068,17:38,1:42,Naso,unicornis,Naso unicornis,3,0,Browser,
2023,Balingasay,30,V3,GH0100068,17:38,17:26,Naso,unicornis,Naso unicornis,1,5,Browser,
2023,Balingasay,30,V3,GH110068,17:38,0:07,Naso,unicornis,Naso unicornis,1,0,Browser,
2023,Balingasay,30,V3,GH110068,17:38,12:27,Naso,unicornis,Naso unicornis,2,2,Browser,
2023,Balingasay,30,V3,GH110068,17:38,12:49,Carangoides,ferdau,Carangoides ferdau,1,0,Others,
2023,Balingasay,30,V3,GH110068,17:38,16:41,Naso,unicornis,Naso unicornis,1,1,Browser,
2023,Balingasay,30,V3,GH120068,17:39,2:25,Naso,unicornis,Naso unicornis,1,17,Browser,
2023,Balingasay,30,V3,GH130068,17:38,-,-,-,- -,-,0,None,
2023,Balingasay,30,V3,GH140068,9:38,-,-,-,- -,-,0,None,
2023,Lucero,10,V1,GH010068,11:47,1:49,Odonus,niger,Odonus niger,1,0,Others,
2023,Lucero,10,V1,GH010068,11:47,2:12,Sufflamen,chrysopterus,Sufflamen chrysopterus,1,0,Others,
2023,Lucero,10,V1,GH010068,11:47,4:43,Odonus,niger,Odonus niger,2,0,Others,
2023,Lucero,10,V1,GH010068,11:47,11:33,Chaetodon,kleinii,Chaetodon kleinii,1,0,Others,
2023,Lucero,10,V1,GH020068,11:47,6:15,Melichthys,vidua,Melichthys vidua,1,0,Browser,
2023,Lucero,10,V1,GH020068,11:47,6:54,Odonus,niger,Odonus niger,1,0,Others,
2023,Lucero,10,V1,GH020068,11:47,9:58,Naso,lituratus,Naso lituratus,2,0,Browser,
2023,Lucero,10,V1,GH020068,11:47,11:16,Thalassoma,hardwicke,Thalassoma hardwicke,2,0,Others,
2023,Lucero,10,V1,GH020068,11:47,11:33,Ctenochaetus,striatus,Ctenochaetus striatus,2,0,Others,
2023,Lucero,10,V1,GH030068,11:47,1:28,Odonus,niger,Odonus niger,2,0,Others,
2023,Lucero,10,V1,GH030068,11:47,11:11,Sufflamen,chrysopterus,Sufflamen chrysopterus,1,0,Others,
2023,Lucero,10,V1,GH040068,11:47,0:35,Coris,gaimard,Coris gaimard,2,0,Others,
2023,Lucero,10,V1,GH040068,11:47,1:38,Chaetodon,vagabundus,Chaetodon vagabundus,2,0,Others,
2023,Lucero,10,V1,GH040068,11:47,8:46,Naso,unicornis,Naso unicornis,1,0,Browser,
2023,Lucero,10,V1,GH040068,11:47,10:56,Halichoeres,hortulatus,Halichoeres hortulatus,1,0,Others,
2023,Lucero,10,V1,GH050068,11:47,0:06,Scolopsis,monogramma,Scolopsis monogramma,2,0,Others,
2023,Lucero,10,V1,GH050068,11:47,0:25,Naso,unicornis,Naso unicornis,1,0,Browser,
2023,Lucero,10,V1,GH050068,11:47,0:25,Acanthurus,nigrofuscus,Acanthurus nigrofuscus,1,0,Others,
2023,Lucero,10,V1,GH050068,11:47,0:25,Chlorurus,spilurus,Chlorurus spilurus,1,0,Others,
2023,Lucero,10,V1,GH050068,11:47,2:37,Balistapus,undulatus,Balistapus undulatus,1,0,Others,
2023,Lucero,10,V1,GH050068,11:47,2:37,Chaetodon,vagabundus,Chaetodon vagabundus,1,0,Others,
2023,Lucero,10,V1,GH050068,11:47,4:25,Odonus,niger,Odonus niger,1,0,Others,
2023,Lucero,10,V1,GH050068,11:47,5:28,Halichoeres,hortulatus,Halichoeres hortulatus,1,0,Others,
2023,Lucero,10,V1,GH060068,11:47,0:39,Chaetodon,kleinii,Chaetodon kleinii,2,0,Others,
2023,Lucero,10,V1,GH060068,11:47,5:21,Sufflamen,chrysopterus,Sufflamen chrysopterus,1,0,Others,
2023,Lucero,10,V1,GH060068,11:47,6:40,Fistularia,commersoni,Fistularia commersoni,1,0,Others,
2023,Lucero,10,V1,GH060068,11:47,7:08,Ctenochaetus,striatus,Ctenochaetus striatus,1,0,Others,
2023,Lucero,10,V1,GH060068,11:47,9:19,Chlorurus,spilurus,Chlorurus spilurus,2,0,Others,
2023,Lucero,10,V1,GH060068,11:47,9:19,Odonus,niger,Odonus niger,1,0,Others,
2023,Lucero,10,V1,GH070068,11:47,1:50,Chlorurus,spilurus,Chlorurus spilurus,1,0,Others,
2023,Lucero,10,V1,GH070068,11:47,6:46,Novaculichthys,taeniopterus,Novaculichthys taeniopterus,2,0,Others,
2023,Lucero,10,V1,GH070068,11:47,7:42,Naso,unicornis,Naso unicornis,2,0,Browser,
2023,Lucero,10,V1,GH070068,11:47,9:23,Sufflamen,chrysopterus,Sufflamen chrysopterus,1,0,Others,
2023,Lucero,10,V1,GH070068,11:47,9:23,Ostracion,cubicus,Ostracion cubicus,1,0,Others,
2023,Lucero,10,V1,GH070068,11:47,11:14,Cheilinus,chlorourus,Cheilinus chlorourus,1,0,Others,
2023,Lucero,10,V1,GH070068,11:47,11:14,Naso,unicornis,Naso unicornis,1,0,Browser,
2023,Lucero,10,V1,GH080068,11:47,4:30,Chaetodon,kleinii,Chaetodon kleinii,1,0,Others,
2023,Lucero,10,V1,GH080068,11:47,6:10,Melichthys,vidua,Melichthys vidua,1,0,Browser,
2023,Lucero,10,V1,GH080068,11:47,6:42,Chelinus,chlorourus,Chelinus chlorourus,1,0,Others,
2023,Lucero,10,V1,GH080068,11:47,7:17,Naso,unicornis,Naso unicornis,1,0,Browser,
2023,Lucero,10,V1,GH080068,11:47,7:17,Naso,lituratus,Naso lituratus,1,0,Browser,
2023,Lucero,10,V1,GH080068,11:47,9:30,Chlorurus,spilurus,Chlorurus spilurus,1,0,Others,
2023,Lucero,10,V1,GH080068,11:47,10:09,Naso,unicornis,Naso unicornis,1,0,Browser,
2023,Lucero,10,V1,GH090068,11:47,3:08,Zebrasoma,scopas,Zebrasoma scopas,1,0,Others,
2023,Lucero,10,V1,GH090068,11:47,4:01,Chaetodon,kleinii,Chaetodon kleinii,1,0,Others,
2023,Lucero,10,V1,GH090068,11:47,4:58,Sufflamen,chrysopterus,Sufflamen chrysopterus,2,0,Others,
2023,Lucero,10,V1,GH090068,11:47,6:56,Acanthurus,nigrofuscus,Acanthurus nigrofuscus,1,0,Others,
2023,Lucero,10,V1,GH090068,11:47,11:25,Acanthurus,nigrofuscus,Acanthurus nigrofuscus,2,0,Others,
2023,Lucero,10,V1,GH100068,11:47,0:35,Naso,lituratus,Naso lituratus,2,0,Browser,
2023,Lucero,10,V1,GH100068,11:47,0:59,Chlorurus,spilurus,Chlorurus spilurus,1,0,Others,
2023,Lucero,10,V1,GH100068,11:47,3:34,Acanthurus,nigrofuscus,Acanthurus nigrofuscus,1,35,Others,grazing bare substratum
2023,Lucero,10,V1,GH100068,11:47,3:34,Melichthys,vidua,Melichthys vidua,1,0,Browser,
2023,Lucero,10,V1,GH100068,11:47,5:49,Chaetodon,kleinii,Chaetodon kleinii,1,0,Others,
2023,Lucero,10,V1,GH100068,11:47,5:49,Acanthurus,nigrofuscus,Acanthurus nigrofuscus,1,21,Others,
2023,Lucero,10,V1,GH100068,11:47,8:23,Naso,lituratus,Naso lituratus,1,0,Browser,
2023,Lucero,10,V1,GH110068,11:47,7:23,Chaetodon,vagabundus,Chaetodon vagabundus,1,0,Others,
2023,Lucero,10,V1,GH110068,11:47,8:22,Halichoeres,hortulatus,Halichoeres hortulatus,1,0,Others,
2023,Lucero,10,V1,GH120068,11:47,0:07,Chaetodon,kleinii,Chaetodon kleinii,2,0,Others,
2023,Lucero,10,V1,GH120068,11:47,2:18,Acanthurus,nigrofuscus,Acanthurus nigrofuscus,1,29,Others,
2023,Lucero,10,V1,GH120068,11:47,3:04,Chlorurus,spilurus,Chlorurus spilurus,2,3,Others,
2023,Lucero,10,V1,GH120068,11:47,4:00,Naso,unicornis,Naso unicornis,1,0,Browser,
2023,Lucero,10,V1,GH120068,11:47,4:50,Chlorurus,spilurus,Chlorurus spilurus,2,0,Others,
2023,Lucero,10,V1,GH120068,11:47,10:00,Sufflamen,chrysopterus,Sufflamen chrysopterus,1,0,Others,
2023,Lucero,10,V1,GH120068,11:47,11:26,Acanthurus,nigrofuscus,Acanthurus nigrofuscus,1,13,Others,
2023,Lucero,10,V1,GH130068,11:47,3:13,Sufflamen,chrysopterus,Sufflamen chrysopterus,4,0,Others,
2023,Lucero,10,V1,GH130068,11:47,3:13,Chelinus,chlorourus,Chelinus chlorourus,1,0,Others,
2023,Lucero,10,V1,GH130068,11:47,6:14,Acanthurus,nigrofuscus,Acanthurus nigrofuscus,1,2,Others,
2023,Lucero,10,V1,GH130068,11:47,11:12,Naso,lituratus,Naso lituratus,1,0,Browser,
2023,Lucero,10,V1,GH140068,11:47,1:26,Melichthys,vidua,Melichthys vidua,1,0,Browser,
2023,Lucero,10,V1,GH140068,11:47,3:06,Acanthurus,nigrofuscus,Acanthurus nigrofuscus,1,0,Others,
2023,Lucero,10,V1,GH150068,11:47,7:51,Fistularia,commersoni,Fistularia commersoni,1,0,Others,
2023,Lucero,10,V1,GH150068,11:47,8:14,Odonus,niger,Odonus niger,2,0,Others,
2023,Lucero,10,V1,GH160068,11:47,1:42,Chlorurus,spilurus,Chlorurus spilurus,1,0,Others,
2023,Lucero,10,V1,GH160068,11:47,6:27,Odonus,niger,Odonus niger,1,0,Others,
2023,Lucero,10,V1,GH160068,11:47,7:44,Naso,lituratus,Naso lituratus,1,0,Browser,
2023,Lucero,10,V1,GH160068,11:47,8:27,Lutjanus,decussatus,Lutjanus decussatus,1,0,Others,
2023,Lucero,10,V1,GH160068,11:47,10:27,Cheilinus,chlorourus,Cheilinus chlorourus,1,0,Others,
2023,Lucero,10,V1,GH170068,11:47,4:12,Odonus,niger,Odonus niger,2,0,Others,
2023,Lucero,10,V1,GH170068,11:47,4:57,Cheilinus,chlorourus,Cheilinus chlorourus,1,0,Others,
2023,Lucero,10,V1,GH170068,11:47,6:28,Novaculichthys,taeniopterus,Novaculichthys taeniopterus,1,0,Others,
2023,Lucero,10,V1,GH170068,11:47,10:48,Acanthurus,nigrofuscus,Acanthurus nigrofuscus,1,0,Others,
2023,Lucero,10,V1,GH170068,11:47,11:30,Chaetodon,kleinii,Chaetodon kleinii,1,0,Others,
2023,Lucero,10,V1,GH180068,11:47,2:10,Sufflamen,chrysopterus,Sufflamen chrysopterus,1,0,Others,
2023,Lucero,10,V1,GH180068,11:47,4:34,Chlorurus,spilurus,Chlorurus spilurus,2,0,Others,
2023,Lucero,10,V1,GH180068,11:47,8:22,Carangoides,ferdau,Carangoides ferdau,1,0,Others,
2023,Lucero,10,V1,GH190068,11:47,3:30,Chaetodon,kleinii,Chaetodon kleinii,2,0,Others,
2023,Lucero,10,V1,GH190068,11:47,3:30,Acanthurus,nigrofuscus,Acanthurus nigrofuscus,2,5,Others,
2023,Lucero,10,V1,GH190068,11:47,3:30,Thalassoma,lunare,Thalassoma lunare,1,0,Others,
2023,Lucero,10,V1,GH190068,11:47,10:34,Odonus,niger,Odonus niger,1,0,Others,
2023,Lucero,10,V1,GH190068,11:47,10:34,Chaetodon,kleinii,Chaetodon kleinii,2,0,Others,
2023,Lucero,10,V1,GH200068,11:47,2:12,Odonus,niger,Odonus niger,1,0,Others,
2023,Lucero,10,V1,GH200068,11:47,2:31,Chlorurus,spilurus,Chlorurus spilurus,1,0,Others,
2023,Lucero,10,V1,GH200068,11:47,4:42,Pomacentrus,coelestis,Pomacentrus coelestis,2,0,Others,
2023,Lucero,10,V1,GH200068,11:47,11:33,Odonus,niger,Odonus niger,3,0,Others,
2023,Lucero,10,V1,GH210068,11:44,5:00,Chaetodon,vagabundus,Chaetodon vagabundus,1,0,Others,
2023,Lucero,10,V1,GH210068,11:44,7:24,Novaculichthys,taeniopterus,Novaculichthys taeniopterus,1,0,Others,
2023,Lucero,10,V1,GH210068,11:44,9:13,Chaetodon,speculum,Chaetodon speculum,2,0,Others,
2023,Lucero,10,V2,GH010069,16:38,1:17,Zanclus,cornutus,Zanclus cornutus,1,0,Others,
2023,Lucero,10,V2,GH010069,16:38,2:23,Melichthys,vidua,Melichthys vidua,1,0,Browser,
2023,Lucero,10,V2,GH010069,16:38,3:07,Halichoeres,hortulatus,Halichoeres hortulatus,1,0,Others,
2023,Lucero,10,V2,GH010069,16:38,6:00,Coris,gaimard,Coris gaimard,1,0,Others,
2023,Lucero,10,V2,GH010069,16:38,8:51,Odonus,niger,Odonus niger,1,0,Others,
2023,Lucero,10,V2,GH010069,16:38,9:12,Sufflamen,chrysopterus,Sufflamen chrysopterus,1,0,Others,
2023,Lucero,10,V2,GH010069,16:38,13:51,Chaetodon,vagabundus,Chaetodon vagabundus,2,0,Others,
2023,Lucero,10,V2,GH010069,16:38,14:11,Odonus,niger,Odonus niger,6,0,Others,
2023,Lucero,10,V2,GH010069,16:38,16:01,Acanthurus,nigrofuscus,Acanthurus nigrofuscus,1,2,Others,
2023,Lucero,10,V2,GH020069,17:38,0:20,Acanthurus,nigrofuscus,Acanthurus nigrofuscus,1,0,Others,
2023,Lucero,10,V2,GH020069,17:38,1:23,Sufflamen,chrysopterus,Sufflamen chrysopterus,1,0,Others,
2023,Lucero,10,V2,GH020069,17:38,2:05,Lutjanus,decussatus,Lutjanus decussatus,1,0,Others,
2023,Lucero,10,V2,GH020069,17:38,2:05,Acanthurus,nigrofuscus,Acanthurus nigrofuscus,1,44,Others,
2023,Lucero,10,V2,GH020069,17:38,2:05,Acanthurus,nigrofuscus,Acanthurus nigrofuscus,1,0,Others,
2023,Lucero,10,V2,GH020069,17:38,4:06,Parupeneus,multifasciatus,Parupeneus multifasciatus,1,0,Others,
2023,Lucero,10,V2,GH020069,17:38,7:56,Chaetodon,kleinii,Chaetodon kleinii,2,0,Others,
2023,Lucero,10,V2,GH020069,17:38,7:56,Acanthurus,nigrofuscus,Acanthurus nigrofuscus,1,3,Others,
2023,Lucero,10,V2,GH020069,17:38,9:48,Chlorurus,spilurus,Chlorurus spilurus,1,0,Others,
2023,Lucero,10,V2,GH020069,17:38,10:59,Acanthurus,nigrofuscus,Acanthurus nigrofuscus,2,0,Others,
2023,Lucero,10,V2,GH020069,17:38,10:59,Odonus,niger,Odonus niger,10,0,Others,
2023,Lucero,10,V2,GH030069,17:38,3:32,Scolopsis,bilineatus,Scolopsis bilineatus,1,0,Others,
2023,Lucero,10,V2,GH030069,17:38,6:25,Halichoeres,hortulatus,Halichoeres hortulatus,1,0,Others,
2023,Lucero,10,V2,GH030069,17:38,9:07,Thalassoma,amblycephalum,Thalassoma amblycephalum,2,0,Others,
2023,Lucero,10,V2,GH030069,17:38,11:06,Ostracion,cubicus,Ostracion cubicus,1,0,Others,
2023,Lucero,10,V2,GH030069,17:38,11:46,Zanclus,cornutus,Zanclus cornutus,1,0,Others,
2023,Lucero,10,V2,GH030069,17:38,11:46,Odonus,niger,Odonus niger,20,0,Others,
2023,Lucero,10,V2,GH030069,17:38,12:15,Sufflamen,chrysopterus,Sufflamen chrysopterus,2,0,Others,
2023,Lucero,10,V2,GH030069,17:38,16:39,Chaetodon,vagabundus,Chaetodon vagabundus,2,0,Others,
2023,Lucero,10,V2,GH030069,17:38,17:38,Zanclus,cornutus,Zanclus cornutus,1,0,Others,
2023,Lucero,10,V2,GH040069,17:39,0:38,Zanclus,cornutus,Zanclus cornutus,1,0,Others,
2023,Lucero,10,V2,GH040069,17:39,1:34,Thalassoma,amblycephalum,Thalassoma amblycephalum,2,0,Others,
2023,Lucero,10,V2,GH040069,17:39,1:45,Chlorurus,spilurus,Chlorurus spilurus,1,0,Others,
2023,Lucero,10,V2,GH040069,17:39,4:42,Chaetodon,kleinii,Chaetodon kleinii,2,0,Others,
2023,Lucero,10,V2,GH040069,17:39,6:34,Melichthys,vidua,Melichthys vidua,1,0,Browser,
2023,Lucero,10,V2,GH040069,17:39,16:20,Scolopsis,bilineatus,Scolopsis bilineatus,1,0,Others,
2023,Lucero,10,V2,GH050069,17:38,3:39,Chlorurus,spilurus,Chlorurus spilurus,1,0,Others,
2023,Lucero,10,V2,GH050069,17:38,4:48,Chlorurus,spilurus,Chlorurus spilurus,1,3,Others,
2023,Lucero,10,V2,GH050069,17:38,6:00,Acanthurus,nigrofuscus,Acanthurus nigrofuscus,1,0,Others,
2023,Lucero,10,V2,GH050069,17:38,8:12,Chlorurus,spilurus,Chlorurus spilurus,2,0,Others,
2023,Lucero,10,V2,GH060069,17:38,1:40,Chlorurus,spilurus,Chlorurus spilurus,1,0,Others,
2023,Lucero,10,V2,GH060069,17:38,7:00,Novaculichthys,taeniopterus,Novaculichthys taeniopterus,1,0,Others,
2023,Lucero,10,V2,GH060069,17:38,7:16,Halichoeres,hortulatus,Halichoeres hortulatus,1,0,Others,
2023,Lucero,10,V2,GH060069,17:38,8:53,Scarus,chameleon,Scarus chameleon,1,0,Others,
2023,Lucero,10,V2,GH060069,17:38,9:34,Zanclus,cornutus,Zanclus cornutus,1,0,Others,
2023,Lucero,10,V2,GH060069,17:38,10:19,Acanthurus,nigrofuscus,Acanthurus nigrofuscus,1,0,Others,
2023,Lucero,10,V2,GH060069,17:38,10:39,Melichthys,vidua,Melichthys vidua,1,0,Browser,
2023,Lucero,10,V2,GH060069,17:38,15:07,Scolopsis,bilineatus,Scolopsis bilineatus,1,0,Others,
2023,Lucero,10,V2,GH060069,17:38,16:51,Halichoeres,hortulatus,Halichoeres hortulatus,1,0,Others,
2023,Lucero,10,V2,GH060069,17:38,17:29,Scarus,chameleon,Scarus chameleon,1,0,Others,
2023,Lucero,10,V2,GH070069,17:38,0:55,Scolopsis,monogramma,Scolopsis monogramma,1,0,Others,
2023,Lucero,10,V2,GH070069,17:38,5:46,Scarus,chameleon,Scarus chameleon,1,0,Others,
2023,Lucero,10,V2,GH070069,17:38,6:15,Odonus,niger,Odonus niger,3,0,Others,
2023,Lucero,10,V2,GH070069,17:38,11:30,Acanthurus,nigrofuscus,Acanthurus nigrofuscus,1,0,Others,
2023,Lucero,10,V2,GH070069,17:38,11:30,Chaetodon,speculum,Chaetodon speculum,2,0,Others,
2023,Lucero,10,V2,GH070069,17:38,11:30,Chaetodon,vagabundus,Chaetodon vagabundus,2,0,Others,
2023,Lucero,10,V2,GH070069,17:38,12:07,Halichoeres,hortulatus,Halichoeres hortulatus,1,0,Others,
2023,Lucero,10,V2,GH070069,17:38,15:40,Chlorurus,spilurus,Chlorurus spilurus,1,0,Others,
2023,Lucero,10,V2,GH070069,17:38,15:40,Sufflamen,chrysopterus,Sufflamen chrysopterus,1,0,Others,
2023,Lucero,10,V2,GH070069,17:38,16:13,Odonus,niger,Odonus niger,3,0,Others,
2023,Lucero,10,V2,GH070069,17:38,16:43,Acanthurus,nigrofuscus,Acanthurus nigrofuscus,1,2,Others,
2023,Lucero,10,V2,GH080069,17:39,0:48,Scarus,chameleon,Scarus chameleon,1,5,Others,
2023,Lucero,10,V2,GH080069,17:39,2:42,Chlorurus,spilurus,Chlorurus spilurus,1,2,Others,
2023,Lucero,10,V2,GH080069,17:39,3:15,Odonus,niger,Odonus niger,20,0,Others,
2023,Lucero,10,V2,GH080069,17:39,5:04,Chlorurus,spilurus,Chlorurus spilurus,1,0,Others,
2023,Lucero,10,V2,GH080069,17:39,8:23,Novaculichthys,taeniopterus,Novaculichthys taeniopterus,1,0,Others,
2023,Lucero,10,V2,GH080069,17:39,9:44,Acanthurus,nigrofuscus,Acanthurus nigrofuscus,1,8,Others,
2023,Lucero,10,V2,GH080069,17:39,10:07,Melichthys,vidua,Melichthys vidua,2,0,Browser,
2023,Lucero,10,V2,GH080069,17:39,10:30,Chlorurus,spilurus,Chlorurus spilurus,1,1,Others,
2023,Lucero,10,V2,GH080069,17:39,11:20,Novaculichthys,taeniopterus,Novaculichthys taeniopterus,1,0,Others,
2023,Lucero,10,V2,GH080069,17:39,12:23,Melichthys,vidua,Melichthys vidua,1,0,Browser,
2023,Lucero,10,V2,GH080069,17:39,13:02,Zanclus,cornutus,Zanclus cornutus,1,0,Others,
2023,Lucero,10,V2,GH080069,17:39,13:36,Acanthurus,nigrofuscus,Acanthurus nigrofuscus,2,0,Others,
2023,Lucero,10,V2,GH080069,17:39,15:03,Naso,lituratus,Naso lituratus,1,0,Browser,
2023,Lucero,10,V2,GH080069,17:39,16:13,Sufflamen,chrysopterus,Sufflamen chrysopterus,1,0,Others,
2023,Lucero,10,V2,GH090069,17:38,0:40,Acanthurus,nigrofuscus,Acanthurus nigrofuscus,1,5,Others,
2023,Lucero,10,V2,GH090069,17:38,2:18,Cheilinus,chlorourus,Cheilinus chlorourus,1,0,Others,
2023,Lucero,10,V2,GH090069,17:38,2:37,Scolopsis,monogramma,Scolopsis monogramma,1,0,Others,
2023,Lucero,10,V2,GH090069,17:38,3:00,Scarus,chameleon,Scarus chameleon,1,0,Others,
2023,Lucero,10,V2,GH090069,17:38,5:51,Coris,gaimard,Coris gaimard,1,0,Others,
2023,Lucero,10,V2,GH090069,17:38,6:29,Acanthurus,nigrofuscus,Acanthurus nigrofuscus,1,20,Others,
2023,Lucero,10,V2,GH090069,17:38,6:40,Chaetodon,vagabundus,Chaetodon vagabundus,2,0,Others,
2023,Lucero,10,V2,GH090069,17:38,7:26,Chlorurus,spilurus,Chlorurus spilurus,1,0,Others,
2023,Lucero,10,V2,GH090069,17:38,9:21,Scolopsis,monogramma,Scolopsis monogramma,1,0,Others,
2023,Lucero,10,V2,GH090069,17:38,10:03,Scolopsis,bilineatus,Scolopsis bilineatus,1,0,Others,
2023,Lucero,10,V2,GH090069,17:38,10:39,Chlorurus,spilurus,Chlorurus spilurus,1,2,Others,
2023,Lucero,10,V2,GH090069,17:38,11:10,Pomacentrus,coelestis,Pomacentrus coelestis,1,0,Others,
2023,Lucero,10,V2,GH090069,17:38,12:46,Acanthurus,nigrofuscus,Acanthurus nigrofuscus,1,20,Others,
2023,Lucero,10,V2,GH090069,17:38,13:41,Parupeneus,multifasciatus,Parupeneus multifasciatus,1,0,Others,
2023,Lucero,10,V2,GH090069,17:38,14:00:00,Halichoeres,hortulatus,Halichoeres hortulatus,2,0,Others,
2023,Lucero,10,V2,GH090069,17:38,15:14,Zanclus,cornutus,Zanclus cornutus,1,0,Others,
2023,Lucero,10,V2,GH090069,17:38,16:14,Chlorurus,spilurus,Chlorurus spilurus,1,0,Others,
2023,Lucero,10,V2,GH090069,17:38,17:26,Zanclus,cornutus,Zanclus cornutus,1,0,Others,
2023,Lucero,10,V2,GH100069,17:39,0:30,Acanthurus,nigrofuscus,Acanthurus nigrofuscus,1,0,Others,
2023,Lucero,10,V2,GH100069,17:39,2:43,Zanclus,cornutus,Zanclus cornutus,1,0,Others,
2023,Lucero,10,V2,GH100069,17:39,3:00,Chaetodon,kleinii,Chaetodon kleinii,1,0,Others,
2023,Lucero,10,V2,GH100069,17:39,13:32,Chaetodon,kleinii,Chaetodon kleinii,1,0,Others,
2023,Lucero,10,V2,GH100069,17:39,16:02,Acanthurus,nigrofuscus,Acanthurus nigrofuscus,1,0,Others,
2023,Lucero,10,V2,GH110069,17:38,1:10,Acanthurus,nigrofuscus,Acanthurus nigrofuscus,1,0,Others,
2023,Lucero,10,V2,GH110069,17:38,3:08,Scarus,chameleon,Scarus chameleon,1,0,Others,
2023,Lucero,10,V2,GH110069,17:38,5:32,Acanthurus,nigrofuscus,Acanthurus nigrofuscus,1,41,Others,
2023,Lucero,10,V2,GH110069,17:38,6:19,Parupeneus,multifasciatus,Parupeneus multifasciatus,1,0,Others,
2023,Lucero,10,V2,GH110069,17:38,7:16,Melichthys,vidua,Melichthys vidua,1,0,Browser,
2023,Lucero,10,V2,GH110069,17:38,9:08,Acanthurus,nigrofuscus,Acanthurus nigrofuscus,2,30,Others,
2023,Lucero,10,V2,GH110069,17:38,9:40,Zanclus,cornutus,Zanclus cornutus,1,0,Others,
2023,Lucero,10,V2,GH110069,17:38,12:54,Coris,gaimard,Coris gaimard,2,0,Others,
2023,Lucero,10,V2,GH110069,17:38,13:22,Scolopsis,monogramma,Scolopsis monogramma,1,0,Others,
2023,Lucero,10,V2,GH110069,17:38,13:54,Chaetodon,vagabundus,Chaetodon vagabundus,2,0,Others,
2023,Lucero,10,V2,GH120069,17:39,0:26,Chlorurus,spilurus,Chlorurus spilurus,1,4,Others,
2023,Lucero,10,V2,GH120069,17:39,1:44,Odonus,niger,Odonus niger,1,0,Others,
2023,Lucero,10,V2,GH120069,17:39,2:06,Novaculichthys,taeniopterus,Novaculichthys taeniopterus,1,0,Others,
2023,Lucero,10,V2,GH120069,17:39,4:12,Acanthurus,nigrofuscus,Acanthurus nigrofuscus,1,4,Others,
2023,Lucero,10,V2,GH120069,17:39,5:40,Chlorurus,spilurus,Chlorurus spilurus,1,0,Others,
2023,Lucero,10,V3,GH010059,16:38,0:52,Dascyllus,trimaculatus,Dascyllus trimaculatus,1,0,Others,
2023,Lucero,10,V3,GH010059,16:38,1:01,Halichoeres,hortulatus,Halichoeres hortulatus,1,0,Others,
2023,Lucero,10,V3,GH010059,16:38,1:01,Acanthurus,nigrofuscus,Acanthurus nigrofuscus,2,0,Others,
2023,Lucero,10,V3,GH010059,16:38,1:29,Naso,lituratus,Naso lituratus,1,0,Browser,
2023,Lucero,10,V3,GH010059,16:38,1:43,Zanclus,cornutus,Zanclus cornutus,1,0,Others,
2023,Lucero,10,V3,GH010059,16:38,2:05,Acanthurus,nigrofuscus,Acanthurus nigrofuscus,6,0,Others,
2023,Lucero,10,V3,GH010059,16:38,2:40,Forcipiger,longirostris,Forcipiger longirostris,1,0,Others,
2023,Lucero,10,V3,GH010059,16:38,6:16,Scolopsis,monogramma,Scolopsis monogramma,2,0,Others,
2023,Lucero,10,V3,GH010059,16:38,7:05,Cephalopholis,urodeta,Cephalopholis urodeta,1,0,Others,
2023,Lucero,10,V3,GH010059,16:38,7:23,Fistularia,commersoni,Fistularia commersoni,1,0,Others,
2023,Lucero,10,V3,GH010059,16:38,8:02,Acanthurus,nigrofuscus,Acanthurus nigrofuscus,4,0,Others,
2023,Lucero,10,V3,GH010059,16:38,8:33,Balistapus,undulatus,Balistapus undulatus,1,0,Others,
2023,Lucero,10,V3,GH010059,16:38,10:21,Odonus,niger,Odonus niger,3,0,Others,
2023,Lucero,10,V3,GH010059,16:38,14:01,Sufflamen,chrysopterus,Sufflamen chrysopterus,1,0,Others,
2023,Lucero,10,V3,GH010059,16:38,15:00,Chaetodon,citrnellus,Chaetodon citrnellus,2,0,Others,
2023,Lucero,10,V3,GH010059,16:38,15:07,Parupeneus,multifasciatus,Parupeneus multifasciatus,1,0,Others,
2023,Lucero,10,V3,GH010059,16:38,16:58,Zanclus,cornutus,Zanclus cornutus,1,0,Others,
2023,Lucero,10,V3,GH010059,16:38,17:24,Scarus,ghobban,Scarus ghobban,1,0,Others,
2023,Lucero,10,V3,GH020059,17:39,0:27,Odonus,niger,Odonus niger,30,0,Others,
2023,Lucero,10,V3,GH020059,17:39,0:59,Forcipiger,longirostris,Forcipiger longirostris,1,0,Others,
2023,Lucero,10,V3,GH020059,17:39,1:07,Scarus,forsteni,Scarus forsteni,2,0,Others,
2023,Lucero,10,V3,GH020059,17:39,2:27,Chaetodon,citrnellus,Chaetodon citrnellus,1,0,Others,
2023,Lucero,10,V3,GH020059,17:39,3:18,Acanthurus,nigrofuscus,Acanthurus nigrofuscus,1,0,Others,
2023,Lucero,10,V3,GH020059,17:39,3:46,Lutjanus,decussatus,Lutjanus decussatus,1,0,Others,
2023,Lucero,10,V3,GH020059,17:39,3:46,Scarus,niger,Scarus niger,1,0,Others,
2023,Lucero,10,V3,GH020059,17:39,4:20,Acanthurus,nigrofuscus,Acanthurus nigrofuscus,2,0,Others,
2023,Lucero,10,V3,GH020059,17:39,6:51,Naso,lituratus,Naso lituratus,1,0,Browser,
2023,Lucero,10,V3,GH020059,17:39,7:47,Hipposcarus,longiceps,Hipposcarus longiceps,1,0,Others,
2023,Lucero,10,V3,GH020059,17:39,8:05,Chaetodon,kleinii,Chaetodon kleinii,1,0,Others,
2023,Lucero,10,V3,GH020059,17:39,8:34,Acanthurus,nigrofuscus,Acanthurus nigrofuscus,1,0,Others,
2023,Lucero,10,V3,GH020059,17:39,11:28,Halichoeres,hortulatus,Halichoeres hortulatus,1,0,Others,
2023,Lucero,10,V3,GH020059,17:39,12:13,Acanthurus,nigrofuscus,Acanthurus nigrofuscus,2,0,Others,
2023,Lucero,10,V3,GH020059,17:39,13:04,Zanclus,cornutus,Zanclus cornutus,1,0,Others,
2023,Lucero,10,V3,GH020059,17:39,13:47,Parupeneus,multifasciatus,Parupeneus multifasciatus,1,0,Others,
2023,Lucero,10,V3,GH020059,17:39,14:05,Sufflamen,chrysopterus,Sufflamen chrysopterus,1,0,Others,
2023,Lucero,10,V3,GH020059,17:39,16:07,Cephalopholis,urodeta,Cephalopholis urodeta,2,0,Others,
2023,Lucero,10,V3,GH020059,17:39,17:05,Acanthurus,nigrofuscus,Acanthurus nigrofuscus,5,0,Others,
2023,Lucero,10,V3,GH030059,17:39,0:50,Zanclus,cornutus,Zanclus cornutus,1,0,Others,
2023,Lucero,10,V3,GH030059,17:39,1:32,Chlorurus,spilurus,Chlorurus spilurus,1,0,Others,
2023,Lucero,10,V3,GH030059,17:39,1:50,Chlorurus,spilurus,Chlorurus spilurus,1,0,Others,
2023,Lucero,10,V3,GH030059,17:39,1:50,Acanthurus,nigrofuscus,Acanthurus nigrofuscus,4,0,Others,
2023,Lucero,10,V3,GH030059,17:39,4:14,Chlorurus,spilurus,Chlorurus spilurus,1,0,Others,
2023,Lucero,10,V3,GH030059,17:39,5:47,Forcipiger,longirostris,Forcipiger longirostris,1,0,Others,
2023,Lucero,10,V3,GH030059,17:39,7:08,Acanthurus,nigrofuscus,Acanthurus nigrofuscus,3,0,Others,
2023,Lucero,10,V3,GH030059,17:39,7:08,Chaetodon,citrnellus,Chaetodon citrnellus,2,0,Others,
2023,Lucero,10,V3,GH030059,17:39,9:45,Chaetodon,kleinii,Chaetodon kleinii,1,0,Others,
2023,Lucero,10,V3,GH030059,17:39,12:52,Chaetodon,lunula,Chaetodon lunula,1,0,Others,
2023,Lucero,10,V3,GH030059,17:39,13:20,Cephalopholis,urodeta,Cephalopholis urodeta,2,0,Others,
2023,Lucero,10,V3,GH030059,17:39,14:47,Acanthurus,nigrofuscus,Acanthurus nigrofuscus,2,0,Others,
2023,Lucero,10,V3,GH030059,17:39,15:24,Zanclus,cornutus,Zanclus cornutus,2,0,Others,
2023,Lucero,10,V3,GH030059,17:39,16:39,Naso,brachycentron,Naso brachycentron,1,0,Browser,
2023,Lucero,10,V3,GH030059,17:39,17:23,Acanthurus,nigrofuscus,Acanthurus nigrofuscus,5,0,Others,
2023,Lucero,10,V3,GH040059,17:39,0:31,Odonus,niger,Odonus niger,8,0,Others,
2023,Lucero,10,V3,GH040059,17:39,1:13,Acanthurus,nigrofuscus,Acanthurus nigrofuscus,3,0,Others,
2023,Lucero,10,V3,GH040059,17:39,1:26,Coris,gaimard,Coris gaimard,1,0,Others,
2023,Lucero,10,V3,GH040059,17:39,1:48,Zanclus,cornutus,Zanclus cornutus,1,0,Others,
2023,Lucero,10,V3,GH040059,17:39,2:19,Dascyllus,trimaculatus,Dascyllus trimaculatus,1,0,Others,
2023,Lucero,10,V3,GH040059,17:39,3:37,Cheilinus,chlorourus,Cheilinus chlorourus,1,0,Others,
2023,Lucero,10,V3,GH040059,17:39,3:55,Parupeneus,multifasciatus,Parupeneus multifasciatus,1,0,Others,
2023,Lucero,10,V3,GH040059,17:39,5:58,Acanthurus,nigrofuscus,Acanthurus nigrofuscus,3,5,Others,
2023,Lucero,10,V3,GH040059,17:39,6:10,Chlorurus,spilurus,Chlorurus spilurus,1,0,Others,
2023,Lucero,10,V3,GH040059,17:39,7:47,Chlorurus,spilurus,Chlorurus spilurus,1,0,Others,
2023,Lucero,10,V3,GH040059,17:39,8:27,Naso,lituratus,Naso lituratus,1,0,Browser,
2023,Lucero,10,V3,GH040059,17:39,9:42,Melichthys,vidua,Melichthys vidua,1,0,Browser,
2023,Lucero,10,V3,GH040059,17:39,10:24,Acanthurus,nigrofuscus,Acanthurus nigrofuscus,8,0,Others,
2023,Lucero,10,V3,GH040059,17:39,12:00,Parupeneus,multifasciatus,Parupeneus multifasciatus,2,0,Others,
2023,Lucero,10,V3,GH040059,17:39,12:19,Scarus,rivulatus,Scarus rivulatus,1,0,Others,
2023,Lucero,10,V3,GH040059,17:39,13:26,Halichoeres,hortulatus,Halichoeres hortulatus,1,0,Others,
2023,Lucero,10,V3,GH040059,17:39,13:26,Balistapus,undulatus,Balistapus undulatus,1,0,Others,
2023,Lucero,10,V3,GH040059,17:39,14:27,Scarus,forsteni,Scarus forsteni,1,0,Others,
2023,Lucero,10,V3,GH040059,17:39,16:35,Acanthurus,nigrofuscus,Acanthurus nigrofuscus,1,10,Others,
2023,Lucero,10,V3,GH040059,17:39,16:45,Chaetodon,muluccensis,Chaetodon muluccensis,1,0,Others,
2023,Lucero,10,V3,GH050059,17:38,0:57,Chlorurus,spilurus,Chlorurus spilurus,1,0,Others,
2023,Lucero,10,V3,GH050059,17:38,2:04,Acanthurus,nigrofuscus,Acanthurus nigrofuscus,2,6,Others,
2023,Lucero,10,V3,GH050059,17:38,3:13,Hipposcarus,longiceps,Hipposcarus longiceps,1,0,Others,
2023,Lucero,10,V3,GH050059,17:38,3:38,Scarus,rivulatus,Scarus rivulatus,1,0,Others,
2023,Lucero,10,V3,GH050059,17:38,4:58,Acanthurus,nigrofuscus,Acanthurus nigrofuscus,2,15,Others,
2023,Lucero,10,V3,GH050059,17:38,7:41,Chaetodon,lunula,Chaetodon lunula,1,0,Others,
2023,Lucero,10,V3,GH050059,17:38,12:09,Dascyllus,trimaculatus,Dascyllus trimaculatus,1,0,Others,
2023,Lucero,10,V3,GH050059,17:38,12:26,Naso,lituratus,Naso lituratus,1,0,Browser,
2023,Lucero,10,V3,GH050059,17:38,16:11,Cephalopholis,urodeta,Cephalopholis urodeta,1,0,Others,
2023,Lucero,10,V3,GH060059,17:39,1:06,Scarus,forsteni,Scarus forsteni,1,0,Others,
2023,Lucero,10,V3,GH060059,17:39,2:02,Halichoeres,hortulatus,Halichoeres hortulatus,1,0,Others,
2023,Lucero,10,V3,GH060059,17:39,3:23,Siganus,guttatus,Siganus guttatus,2,0,Others,
2023,Lucero,10,V3,GH060059,17:39,7:18,Naso,lituratus,Naso lituratus,1,0,Browser,
2023,Lucero,10,V3,GH060059,17:39,8:18,Dascyllus,trimaculatus,Dascyllus trimaculatus,2,0,Others,
2023,Lucero,10,V3,GH060059,17:39,10:54,Chlorurus,spilurus,Chlorurus spilurus,2,0,Others,
2023,Lucero,10,V3,GH060059,17:39,12:53,Acanthurus,nigrofuscus,Acanthurus nigrofuscus,1,0,Others,
2023,Lucero,10,V3,GH070059,17:38,0:36,Naso,lituratus,Naso lituratus,2,0,Browser,
2023,Lucero,10,V3,GH070059,17:38,1:06,Balistapus,undulatus,Balistapus undulatus,1,0,Others,
2023,Lucero,10,V3,GH070059,17:38,5:18,Acanthurus,nigrofuscus,Acanthurus nigrofuscus,2,0,Others,
2023,Lucero,10,V3,GH070059,17:38,6:14,Chaetodon,speculum,Chaetodon speculum,1,0,Others,
2023,Lucero,10,V3,GH070059,17:38,7:03,Zanclus,cornutus,Zanclus cornutus,1,0,Others,
2023,Lucero,10,V3,GH070059,17:38,7:03,Chaetodon,lunulatus,Chaetodon lunulatus,1,0,Others,
2023,Lucero,10,V3,GH070059,17:38,8:10,Scarus,rivua,Scarus rivua,1,0,Others,
2023,Lucero,10,V3,GH070059,17:38,8:30,Coris,gaimard,Coris gaimard,1,0,Others,
2023,Lucero,10,V3,GH070059,17:38,10:36,Melichthys,vidua,Melichthys vidua,1,0,Browser,
2023,Lucero,10,V3,GH070059,17:38,11:03,Siganus,guttatus,Siganus guttatus,2,0,Others,
2023,Lucero,10,V3,GH070059,17:38,11:03,Naso,unicornis,Naso unicornis,1,0,Browser,
2023,Lucero,10,V3,GH070059,17:38,12:13,Halichoeres,hortulatus,Halichoeres hortulatus,2,0,Others,
2023,Lucero,10,V3,GH070059,17:38,13:08,Zanclus,cornutus,Zanclus cornutus,1,0,Others,
2023,Lucero,10,V3,GH070059,17:38,16:20,Acanthurus,nigrofuscus,Acanthurus nigrofuscus,2,0,Others,
2023,Lucero,10,V3,GH070059,17:38,17:20,Siganus,argenteus,Siganus argenteus,1,0,Browser,
2023,Lucero,10,V3,GH080059,17:39,0:49,Cheilinus,chlorourus,Cheilinus chlorourus,1,0,Others,
2023,Lucero,10,V3,GH080059,17:39,1:42,Acanthurus,nigrofuscus,Acanthurus nigrofuscus,4,0,Others,
2023,Lucero,10,V3,GH080059,17:39,2:45,Zanclus,cornutus,Zanclus cornutus,4,0,Others,
2023,Lucero,10,V3,GH080059,17:39,3:10,Chlorurus,spilurus,Chlorurus spilurus,3,0,Others,
2023,Lucero,10,V3,GH080059,17:39,4:36,Naso,lituratus,Naso lituratus,1,0,Browser,
2023,Lucero,10,V3,GH080059,17:39,5:52,Scarus,schlegi,Scarus schlegi,1,0,Others,
2023,Lucero,10,V3,GH080059,17:39,6:55,Acanthurus,grammoptilus,Acanthurus grammoptilus,1,0,Others,
2023,Lucero,10,V3,GH080059,17:39,7:34,Acanthurus,nigrofuscus,Acanthurus nigrofuscus,1,5,Others,
2023,Lucero,10,V3,GH080059,17:39,10:15,Acanthurus,grammoptilus,Acanthurus grammoptilus,3,0,Others,
2023,Lucero,10,V3,GH080059,17:39,10:48,Odonus,niger,Odonus niger,15,0,Others,
2023,Lucero,10,V3,GH080059,17:39,11:19,Chaetodon,kleinii,Chaetodon kleinii,1,0,Others,
2023,Lucero,10,V3,GH080059,17:39,11:35,Forcipiger,longirostris,Forcipiger longirostris,1,0,Others,
2023,Lucero,10,V3,GH080059,17:39,13:31,Parupeneus,multifasciatus,Parupeneus multifasciatus,1,0,Others,
2023,Lucero,10,V3,GH080059,17:39,14:26,Chaetodon,kleinii,Chaetodon kleinii,2,0,Others,
2023,Lucero,10,V3,GH080059,17:39,14:57,Zanclus,cornutus,Zanclus cornutus,1,0,Others,
2023,Lucero,10,V3,GH080059,17:39,16:52,Acanthurus,nigrofuscus,Acanthurus nigrofuscus,1,22,Others,
2023,Lucero,10,V3,GH090059,17:38,1:09,Chaetodon,lunula,Chaetodon lunula,1,0,Others,
2023,Lucero,10,V3,GH090059,17:38,1:39,Acanthurus,nigrofuscus,Acanthurus nigrofuscus,1,0,Others,
2023,Lucero,10,V3,GH090059,17:38,3:32,Zanclus,cornutus,Zanclus cornutus,1,0,Others,
2023,Lucero,10,V3,GH090059,17:38,5:52,Fistularia,commersoni,Fistularia commersoni,1,0,Others,
2023,Lucero,10,V3,GH090059,17:38,7:06,Odonus,niger,Odonus niger,6,0,Others,
2023,Lucero,10,V3,GH090059,17:38,8:37,Chaetodon,speculum,Chaetodon speculum,2,0,Others,
2023,Lucero,10,V3,GH090059,17:38,13:51,Chlorurus,spilurus,Chlorurus spilurus,1,0,Others,
2023,Lucero,10,V3,GH090059,17:38,15:07,Acanthurus,nigrofuscus,Acanthurus nigrofuscus,2,17,Others,
2023,Lucero,10,V3,GH100059,17:38,0:38,Chaetodon,kleinii,Chaetodon kleinii,1,0,Others,
2023,Lucero,10,V3,GH100059,17:38,1:24,Acanthurus,nigrofuscus,Acanthurus nigrofuscus,2,0,Others,
2023,Lucero,10,V3,GH100059,17:38,2:32,Parupeneus,multifasciatus,Parupeneus multifasciatus,1,0,Others,
2023,Lucero,10,V3,GH100059,17:38,4:41,Odonus,niger,Odonus niger,30,0,Others,
2023,Lucero,10,V3,GH100059,17:38,4:41,Chaetodon,vagabundus,Chaetodon vagabundus,2,0,Others,
2023,Lucero,10,V3,GH100059,17:38,5:30,Siganus,guttatus,Siganus guttatus,1,0,Others,
2023,Lucero,10,V3,GH100059,17:38,6:29,Acanthurus,nigrofuscus,Acanthurus nigrofuscus,1,16,Others,
2023,Lucero,10,V3,GH100059,17:38,6:29,Chlorurus,spilurus,Chlorurus spilurus,1,0,Others,
2023,Lucero,10,V3,GH100059,17:38,7:50,Chaetodon,kleinii,Chaetodon kleinii,2,0,Others,
2023,Lucero,10,V3,GH100059,17:38,7:50,Chaetodon,speculum,Chaetodon speculum,1,0,Others,
2023,Lucero,10,V3,GH100059,17:38,9:45,Parupeneus,multifasciatus,Parupeneus multifasciatus,2,0,Others,
2023,Lucero,10,V3,GH100059,17:38,10:46,Halichoeres,hortulatus,Halichoeres hortulatus,1,0,Others,
2023,Lucero,10,V3,GH100059,17:38,11:02,Melichthys,vidua,Melichthys vidua,1,0,Browser,
2023,Lucero,10,V3,GH100059,17:38,11:24,Hipposcarus,longiceps,Hipposcarus longiceps,1,0,Others,
2023,Lucero,10,V3,GH100059,17:38,12:31,Chlorurus,spilurus,Chlorurus spilurus,1,0,Others,
2023,Lucero,10,V3,GH100059,17:38,14:42,Scarus,forsteni,Scarus forsteni,1,0,Others,
2023,Lucero,10,V3,GH100059,17:38,17:00,Chaetodon,octofasciatus,Chaetodon octofasciatus,1,0,Others,
2023,Lucero,10,V3,GH110059,17:39,0:51,Sufflamen,chrysopterus,Sufflamen chrysopterus,2,0,Others,
2023,Lucero,10,V3,GH110059,17:39,1:51,Acanthurus,nigrofuscus,Acanthurus nigrofuscus,3,5,Others,
2023,Lucero,10,V3,GH110059,17:39,3:05,Acanthurus,nigrofuscus,Acanthurus nigrofuscus,1,5,Others,
2023,Lucero,10,V3,GH110059,17:39,3:24,Chaetodon,octofasciatus,Chaetodon octofasciatus,1,0,Others,
2023,Lucero,10,V3,GH110059,17:39,5:41,Oxycheilinus,digramma,Oxycheilinus digramma,1,0,Others,
2023,Lucero,10,V3,GH110059,17:39,7:02,Scarus,forsteni,Scarus forsteni,1,0,Others,
2023,Lucero,10,V3,GH110059,17:39,7:22,Cheilinus,chlorourus,Cheilinus chlorourus,1,0,Others,
2023,Lucero,10,V3,GH110059,17:39,9:02,Naso,lituratus,Naso lituratus,1,0,Browser,
2023,Lucero,10,V3,GH110059,17:39,10:20,Naso,lituratus,Naso lituratus,1,0,Browser,
2023,Lucero,10,V3,GH110059,17:39,10:35,Chaetodon,speculum,Chaetodon speculum,2,0,Others,
2023,Lucero,10,V3,GH110059,17:39,15:41,Chlorurus,spilurus,Chlorurus spilurus,1,0,Others,
2023,Lucero,10,V3,GH110059,17:39,17:06,Zanclus,cornutus,Zanclus cornutus,3,0,Others,
2023,Lucero,10,V3,GH120059,17:39,0:19,Acanthurus,grammoptilus,Acanthurus grammoptilus,1,0,Others,
2023,Lucero,10,V3,GH120059,17:39,1:00,Naso,lituratus,Naso lituratus,1,0,Browser,
2023,Lucero,10,V3,GH120059,17:39,2:25,Chaetodon,speculum,Chaetodon speculum,2,0,Others,
2023,Lucero,10,V3,GH120059,17:39,3:04,Zanclus,cornutus,Zanclus cornutus,1,0,Others,
2023,Lucero,10,V3,GH120059,17:39,3:39,Coris,gaimard,Coris gaimard,1,0,Others,
2023,Lucero,10,V3,GH120059,17:39,4:10,Acanthurus,nigrofuscus,Acanthurus nigrofuscus,1,4,Others,
2023,Lucero,10,V3,GH120059,17:39,5:07,Parupeneus,multifasciatus,Parupeneus multifasciatus,1,0,Others,
2023,Lucero,10,V3,GH120059,17:39,5:37,Chlorurus,spilurus,Chlorurus spilurus,1,0,Others,
2023,Lucero,10,V3,GH120059,17:39,6:32,Cephalopholis,urodeta,Cephalopholis urodeta,2,0,Others,
2023,Lucero,10,V3,GH120059,17:39,6:57,Dascyllus,trimaculatus,Dascyllus trimaculatus,2,0,Others,
2023,Lucero,10,V3,GH120059,17:39,7:16,Acanthurus,nigrofuscus,Acanthurus nigrofuscus,3,0,Others,
2023,Lucero,10,V3,GH120059,17:39,8:05,Odonus,niger,Odonus niger,20,0,Others,
2023,Lucero,10,V3,GH120059,17:39,8:34,Acanthurus,pyroferus,Acanthurus pyroferus,2,0,Others,
2023,Lucero,10,V3,GH120059,17:39,8:58,Scarus,forsteni,Scarus forsteni,1,0,Others,
2023,Lucero,10,V3,GH120059,17:39,9:35,Lutjanus,decussatus,Lutjanus decussatus,1,0,Others,
2023,Lucero,10,V4,GH010073,9:09,1:38,Melichthys,vidua,Melichthys vidua,1,0,Browser,
2023,Lucero,10,V4,GH010073,9:09,2:01,Odonus,niger,Odonus niger,1,0,Others,
2023,Lucero,10,V4,GH010073,9:09,2:19,Cephalopholis,urodeta,Cephalopholis urodeta,1,0,Others,
2023,Lucero,10,V4,GH010073,9:09,3:20,Melichthys,vidua,Melichthys vidua,1,0,Browser,
2023,Lucero,10,V4,GH010073,9:09,3:57,Naso,brachycentron,Naso brachycentron,2,0,Browser,
2023,Lucero,10,V4,GH010073,9:09,4:12,Zanclus,cornutus,Zanclus cornutus,1,0,Others,
2023,Lucero,10,V4,GH010073,9:09,9:33,Chaetodon,kleinii,Chaetodon kleinii,1,0,Others,
2023,Lucero,10,V4,GH010073,9:09,9:58,Scarus,chameleon,Scarus chameleon,1,0,Others,
2023,Lucero,10,V4,GH020073,11:47,0:54,Cheilinus,chlorourus,Cheilinus chlorourus,1,0,Others,
2023,Lucero,10,V4,GH020073,11:47,0:54,Scolopsis,monogramma,Scolopsis monogramma,1,0,Others,
2023,Lucero,10,V4,GH020073,11:47,1:28,Sufflamen,chrysopterus,Sufflamen chrysopterus,1,0,Others,
2023,Lucero,10,V4,GH020073,11:47,3:14,Acanthurus,nigrofuscus,Acanthurus nigrofuscus,1,0,Others,
2023,Lucero,10,V4,GH020073,11:47,7:47,Naso,lituratus,Naso lituratus,1,0,Browser,
2023,Lucero,10,V4,GH020073,11:47,8:13,Thalassoma,lunare,Thalassoma lunare,1,0,Others,
2023,Lucero,10,V4,GH020073,11:47,8:27,Odonus,niger,Odonus niger,3,0,Others,
2023,Lucero,10,V4,GH020073,11:47,8:47,Chlorurus,spilurus,Chlorurus spilurus,2,1,Others,
2023,Lucero,10,V4,GH020073,11:47,10:02,Naso,brachycentron,Naso brachycentron,1,0,Browser,
2023,Lucero,10,V4,GH020073,11:47,10:21,Acanthurus,nigrofuscus,Acanthurus nigrofuscus,1,0,Others,
2023,Lucero,10,V4,GH020073,11:47,10:37,Cheilinus,chlorourus,Cheilinus chlorourus,1,0,Others,
2023,Lucero,10,V4,GH020073,11:47,10:50,Chaetodon,kleinii,Chaetodon kleinii,2,0,Others,
2023,Lucero,10,V4,GH020073,11:47,11:08,Zanclus,cornutus,Zanclus cornutus,1,0,Others,
2023,Lucero,10,V4,GH030073,11:47,1:30,Cephalopholis,urodeta,Cephalopholis urodeta,1,0,Others,
2023,Lucero,10,V4,GH040073,11:47,0:16,Melichthys,vidua,Melichthys vidua,2,0,Browser,
2023,Lucero,10,V4,GH040073,11:47,0:45,Lutjanus,decussatus,Lutjanus decussatus,1,0,Others,
2023,Lucero,10,V4,GH040073,11:47,5:34,Balistapus,undulatus,Balistapus undulatus,1,0,Others,
2023,Lucero,10,V4,GH040073,11:47,7:17,Scolopsis,monogramma,Scolopsis monogramma,1,0,Others,
2023,Lucero,10,V4,GH040073,11:47,7:28,Chaetodon,kleinii,Chaetodon kleinii,2,0,Others,
2023,Lucero,10,V4,GH040073,11:47,8:28,Naso,lituratus,Naso lituratus,1,0,Browser,
2023,Lucero,10,V4,GH040073,11:47,9:40,Sufflamen,chrysopterus,Sufflamen chrysopterus,1,0,Others,
2023,Lucero,10,V4,GH050073,11:47,0:22,Cheilinus,chlorourus,Cheilinus chlorourus,1,0,Others,
2023,Lucero,10,V4,GH050073,11:47,1:35,Zanclus,cornutus,Zanclus cornutus,1,0,Others,
2023,Lucero,10,V4,GH050073,11:47,4:00,Chlorurus,spilurus,Chlorurus spilurus,1,0,Others,
2023,Lucero,10,V4,GH050073,11:47,4:13,Chaetodon,kleinii,Chaetodon kleinii,1,0,Others,
2023,Lucero,10,V4,GH050073,11:47,5:07,Naso,lituratus,Naso lituratus,1,0,Browser,
2023,Lucero,10,V4,GH050073,11:47,5:30,Oxycheilinus,digramma,Oxycheilinus digramma,1,0,Others,
2023,Lucero,10,V4,GH050073,11:47,7:51,Chlorurus,spilurus,Chlorurus spilurus,1,0,Others,
2023,Lucero,10,V4,GH060073,11:47,0:20,Cheilinus,fasciatus,Cheilinus fasciatus,1,0,Others,
2023,Lucero,10,V4,GH060073,11:47,1:48,Chlorurus,spilurus,Chlorurus spilurus,1,0,Others,
2023,Lucero,10,V4,GH060073,11:47,3:40,Melichthys,vidua,Melichthys vidua,1,0,Browser,
2023,Lucero,10,V4,GH060073,11:47,6:33,Pomacentrus,coelestis,Pomacentrus coelestis,2,0,Others,
2023,Lucero,10,V4,GH060073,11:47,7:49,Pervagor,janthisoma,Pervagor janthisoma,1,0,Others,
2023,Lucero,10,V4,GH070073,11:47,0:20,Balistapus,undulatus,Balistapus undulatus,1,0,Others,
2023,Lucero,10,V4,GH070073,11:47,0:45,Cheilinus,chlorourus,Cheilinus chlorourus,1,0,Others,
2023,Lucero,10,V4,GH070073,11:47,2:16,Sufflamen,chrysopterus,Sufflamen chrysopterus,1,0,Others,
2023,Lucero,10,V4,GH070073,11:47,9:29,Acanthurus,nigrofuscus,Acanthurus nigrofuscus,1,0,Others,
2023,Lucero,10,V4,GH070073,11:47,9:45,Cephalopholis,urodeta,Cephalopholis urodeta,1,0,Others,
2023,Lucero,10,V4,GH080073,11:47,3:12,Chaetodon,kleinii,Chaetodon kleinii,1,0,Others,
2023,Lucero,10,V4,GH080073,11:47,3:42,Acanthurus,nigrofuscus,Acanthurus nigrofuscus,1,0,Others,
2023,Lucero,10,V4,GH080073,11:47,3:59,Coris,gaimard,Coris gaimard,1,0,Others,
2023,Lucero,10,V4,GH080073,11:47,5:10,Sufflamen,chrysopterus,Sufflamen chrysopterus,1,0,Others,
2023,Lucero,10,V4,GH080073,11:47,7:25,Cheilinus,chlorourus,Cheilinus chlorourus,1,0,Others,
2023,Lucero,10,V4,GH080073,11:47,9:01,Acanthurus,nigrofuscus,Acanthurus nigrofuscus,1,0,Others,
2023,Lucero,10,V4,GH080073,11:47,9:01,Chlorurus,spilurus,Chlorurus spilurus,1,0,Others,
2023,Lucero,10,V4,GH080073,11:47,11:14,Chaetodon,vagabundus,Chaetodon vagabundus,1,0,Others,
2023,Lucero,10,V4,GH090073,11:47,6:47,Cheilinus,chlorourus,Cheilinus chlorourus,1,0,Others,
2023,Lucero,10,V4,GH090073,11:47,8:07,Acanthurus,nigrofuscus,Acanthurus nigrofuscus,1,0,Others,
2023,Lucero,10,V4,GH090073,11:47,10:04,Novaculichthys,taeniopterus,Novaculichthys taeniopterus,2,0,Others,
2023,Lucero,10,V4,GH090073,11:47,10:53,Odonus,niger,Odonus niger,2,0,Others,
2023,Lucero,10,V4,GH100073,11:47,5:18,Naso,lituratus,Naso lituratus,1,0,Browser,
2023,Lucero,10,V4,GH100073,11:47,7:40,Stethojulis,bandanensis,Stethojulis bandanensis,1,0,Others,
2023,Lucero,10,V4,GH110073,11:47,2:00,Stethojulis,bandanensis,Stethojulis bandanensis,1,0,Others,
2023,Lucero,10,V4,GH110073,11:47,2:18,Pomacentrus,coelestis,Pomacentrus coelestis,1,0,Others,
2023,Lucero,10,V4,GH110073,11:47,2:44,Chelinus,chlorourus,Chelinus chlorourus,1,0,Others,
2023,Lucero,10,V4,GH110073,11:47,7:14,Sufflamen,chrysopterus,Sufflamen chrysopterus,1,0,Others,
2023,Lucero,10,V4,GH110073,11:47,9:41,Balistapus,undulatus,Balistapus undulatus,1,0,Others,
2023,Lucero,10,V4,GH120073,11:47,1:07,Chlorurus,spilurus,Chlorurus spilurus,1,0,Others,
2023,Lucero,10,V4,GH120073,11:47,4:43,Balistapus,undulatus,Balistapus undulatus,1,0,Others,
2023,Lucero,10,V4,GH120073,11:47,8:25,Novaculichthys,taeniopterus,Novaculichthys taeniopterus,1,0,Others,
2023,Lucero,10,V4,GH120073,11:47,9:00,Odonus,niger,Odonus niger,4,0,Others,
2023,Lucero,10,V4,GH130073,11:47,1:24,Melichthys,vidua,Melichthys vidua,1,0,Browser,
2023,Lucero,10,V4,GH130073,11:47,1:45,Balistapus,undulatus,Balistapus undulatus,1,0,Others,
2023,Lucero,10,V4,GH130073,11:47,8:42,Odonus,niger,Odonus niger,1,0,Others,
2023,Lucero,10,V4,GH130073,11:47,10:00,Chaetodon,kleinii,Chaetodon kleinii,1,0,Others,
2023,Lucero,10,V4,GH140073,11:47,2:54,Pentapodus,bifasciatus,Pentapodus bifasciatus,1,0,Others,
2023,Lucero,10,V4,GH140073,11:47,3:44,Acanthurus,nigrofuscus,Acanthurus nigrofuscus,1,0,Others,
2023,Lucero,10,V4,GH140073,11:47,4:03,Zanclus,cornutus,Zanclus cornutus,2,0,Others,
2023,Lucero,10,V4,GH140073,11:47,7:12,Acanthurus,nigrofuscus,Acanthurus nigrofuscus,1,0,Others,
2023,Lucero,10,V4,GH140073,11:47,7:12,Chlorurus,spilurus,Chlorurus spilurus,1,0,Others,
2023,Lucero,10,V4,GH150073,11:47,1:19,Acanthurus,nigrofuscus,Acanthurus nigrofuscus,1,0,Others,
2023,Lucero,10,V4,GH150073,11:47,2:28,Naso,unicornis,Naso unicornis,1,0,Browser,
2023,Lucero,10,V4,GH150073,11:47,7:09,Acanthurus,nigrofuscus,Acanthurus nigrofuscus,1,0,Others,
2023,Lucero,10,V4,GH150073,11:47,8:23,Sufflamen,chrysopterus,Sufflamen chrysopterus,1,0,Others,
2023,Lucero,10,V4,GH150073,11:47,10:01,Acanthurus,nigrofuscus,Acanthurus nigrofuscus,1,0,Others,
2023,Lucero,10,V4,GH150073,11:47,10:23,Coris,gaimard,Coris gaimard,1,0,Others,
2023,Lucero,10,V4,GH160073,11:47,0:24,Acanthurus,nigrofuscus,Acanthurus nigrofuscus,2,0,Others,
2023,Lucero,10,V4,GH160073,11:47,4:46,Cheilinus,chlorourus,Cheilinus chlorourus,2,0,Others,
2023,Lucero,10,V4,GH160073,11:47,5:08,Chaetodon,kleinii,Chaetodon kleinii,2,0,Others,
2023,Lucero,10,V4,GH160073,11:47,8:42,Odonus,niger,Odonus niger,6,0,Others,
2023,Lucero,10,V4,GH170073,11:47,10:10,Chaetodon,kleinii,Chaetodon kleinii,1,0,Others,
2023,Lucero,10,V4,GH180073,11:47,1:49,Novaculichthys,taeniopterus,Novaculichthys taeniopterus,1,0,Others,
2023,Lucero,10,V4,GH180073,11:47,4:01,Acanthurus,nigrofuscus,Acanthurus nigrofuscus,1,0,Others,
2023,Lucero,10,V4,GH180073,11:47,8:30,Acanthurus,nigrofuscus,Acanthurus nigrofuscus,1,0,Others,
2023,Lucero,10,V4,GH190073,11:47,3:30,Stethojulis,bandanensis,Stethojulis bandanensis,1,0,Others,
2023,Lucero,10,V4,GH190073,11:47,5:14,Naso,brachycentron,Naso brachycentron,1,0,Browser,
2023,Lucero,10,V4,GH190073,11:47,6:46,Parupeneus,multifasciatus,Parupeneus multifasciatus,1,0,Others,
2023,Lucero,10,V4,GH200073,7:05,1:44,Naso,brachycentron,Naso brachycentron,1,0,Browser,
2023,Lucero,10,V4,GH200073,7:05,3:26,Parupeneus,multifasciatus,Parupeneus multifasciatus,2,0,Others,
2023,Lucero,10,V4,GH200073,7:05,3:30,Scarus,rivulatus,Scarus rivulatus,1,0,Others,
2023,Lucero,10,V4,GH200073,7:05,4:00,Chlorurus,spilurus,Chlorurus spilurus,1,0,Others,
2023,Lucero,10,V4,GH200073,7:05,5:45,Acanthurus,nigrofuscus,Acanthurus nigrofuscus,1,0,Others,
2023,Lucero,10,V4,GH200073,7:05,6:16,Scarus,rivulatus,Scarus rivulatus,1,0,Others,
2023,Lucero,10,V5,GH010093,17:04,0:34,Acanthurus,nigrofuscus,Acanthurus nigrofuscus,4,5,Others,
2023,Lucero,10,V5,GH010093,17:04,1:15,Sufflamen,chrysopterus,Sufflamen chrysopterus,1,0,Others,
2023,Lucero,10,V5,GH010093,17:04,1:15,Melichthys,vidua,Melichthys vidua,1,0,Browser,
2023,Lucero,10,V5,GH010093,17:04,1:39,Ostracion,cubicus,Ostracion cubicus,1,0,Others,
2023,Lucero,10,V5,GH010093,17:04,4:50,Melichthys,vidua,Melichthys vidua,1,0,Browser,
2023,Lucero,10,V5,GH010093,17:04,5:47,Odonus,niger,Odonus niger,1,0,Others,
2023,Lucero,10,V5,GH010093,17:04,6:00,Chaetodon,kleinii,Chaetodon kleinii,1,0,Others,
2023,Lucero,10,V5,GH010093,17:04,8:10,Cheilinus,chlorourus,Cheilinus chlorourus,1,0,Others,
2023,Lucero,10,V5,GH010093,17:04,8:34,Odonus,niger,Odonus niger,6,0,Others,
2023,Lucero,10,V5,GH010093,17:04,9:50,Acanthurus,nigrofuscus,Acanthurus nigrofuscus,1,0,Others,
2023,Lucero,10,V5,GH010093,17:04,11:52,Coris,gaimard,Coris gaimard,1,0,Others,
2023,Lucero,10,V5,GH010093,17:04,15:34,Chaetodon,kleinii,Chaetodon kleinii,1,0,Others,
2023,Lucero,10,V5,GH010093,17:04,16:44,Acanthurus,nigrofuscus,Acanthurus nigrofuscus,1,0,Others,
2023,Lucero,10,V5,GH020093,17:39,0:48,Acanthurus,nigrofuscus,Acanthurus nigrofuscus,1,42,Others,
2023,Lucero,10,V5,GH020093,17:39,2:11,Scarus,rivulatus,Scarus rivulatus,1,0,Others,
2023,Lucero,10,V5,GH020093,17:39,2:34,Naso,lituratus,Naso lituratus,1,4,Browser,
2023,Lucero,10,V5,GH020093,17:39,4:18,Melichthys,vidua,Melichthys vidua,1,0,Browser,
2023,Lucero,10,V5,GH020093,17:39,5:37,Chaetodon,kleinii,Chaetodon kleinii,2,0,Others,
2023,Lucero,10,V5,GH020093,17:39,6:15,Scolopsis,monogramma,Scolopsis monogramma,2,0,Others,
2023,Lucero,10,V5,GH020093,17:39,6:15,Parupeneus,multifasciatus,Parupeneus multifasciatus,1,0,Others,
2023,Lucero,10,V5,GH020093,17:39,6:38,Chlorurus,spilurus,Chlorurus spilurus,1,0,Others,
2023,Lucero,10,V5,GH020093,17:39,7:38,Oxycheilinus,digramma,Oxycheilinus digramma,1,0,Others,
2023,Lucero,10,V5,GH020093,17:39,8:11,Acanthurus,nigrofuscus,Acanthurus nigrofuscus,1,0,Others,
2023,Lucero,10,V5,GH020093,17:39,12:19,Parupeneus,multifasciatus,Parupeneus multifasciatus,1,0,Others,
2023,Lucero,10,V5,GH020093,17:39,13:43,Cheilinus,chlorourus,Cheilinus chlorourus,2,0,Others,
2023,Lucero,10,V5,GH020093,17:39,14:17,Odonus,niger,Odonus niger,8,0,Others,
2023,Lucero,10,V5,GH020093,17:39,15:27,Pomacentrus,coelestis,Pomacentrus coelestis,2,0,Others,
2023,Lucero,10,V5,GH020093,17:39,15:57,Chaetodon,kleinii,Chaetodon kleinii,1,0,Others,
2023,Lucero,10,V5,GH020093,17:39,16:41,Melichthys,vidua,Melichthys vidua,2,0,Browser,
2023,Lucero,10,V5,GH030093,17:38,1:20,Oxycheilinus,digramma,Oxycheilinus digramma,1,0,Others,
2023,Lucero,10,V5,GH030093,17:38,2:58,Acanthurus,nigrofuscus,Acanthurus nigrofuscus,4,0,Others,
2023,Lucero,10,V5,GH030093,17:38,3:04,Ostracion,meleagris,Ostracion meleagris,1,0,Others,
2023,Lucero,10,V5,GH030093,17:38,6:18,Chlorurus,spilurus,Chlorurus spilurus,1,0,Others,
2023,Lucero,10,V5,GH030093,17:38,9:12,Pomacentrus,coelestis,Pomacentrus coelestis,6,0,Others,
2023,Lucero,10,V5,GH030093,17:38,10:14,Scolopsis,monogramma,Scolopsis monogramma,1,0,Others,
2023,Lucero,10,V5,GH030093,17:38,10:47,Acanthurus,nigrofuscus,Acanthurus nigrofuscus,1,0,Others,
2023,Lucero,10,V5,GH030093,17:38,11:23,Zanclus,cornutus,Zanclus cornutus,1,0,Others,
2023,Lucero,10,V5,GH030093,17:38,12:41,Chaetodon,vagabundus,Chaetodon vagabundus,1,0,Others,
2023,Lucero,10,V5,GH030093,17:38,13:59,Sufflamen,chrysopterus,Sufflamen chrysopterus,1,0,Others,
2023,Lucero,10,V5,GH030093,17:38,15:16,Acanthurus,nigrofuscus,Acanthurus nigrofuscus,2,65,Others,
2023,Lucero,10,V5,GH030093,17:38,16:45,Chlorurus,spilurus,Chlorurus spilurus,1,0,Others,
2023,Lucero,10,V5,GH040093,17:39,0:15,Oxycheilinus,digramma,Oxycheilinus digramma,1,0,Others,
2023,Lucero,10,V5,GH040093,17:39,0:52,Novaculichthys,taeniopterus,Novaculichthys taeniopterus,1,0,Others,
2023,Lucero,10,V5,GH040093,17:39,1:26,Acanthurus,nigrofuscus,Acanthurus nigrofuscus,1,0,Others,
2023,Lucero,10,V5,GH040093,17:39,5:06,Chaetodon,kleinii,Chaetodon kleinii,1,0,Others,
2023,Lucero,10,V5,GH040093,17:39,5:21,Melichthys,vidua,Melichthys vidua,1,0,Browser,
2023,Lucero,10,V5,GH040093,17:39,6:48,Oxycheilinus,digramma,Oxycheilinus digramma,1,0,Others,
2023,Lucero,10,V5,GH040093,17:39,10:20,Acanthurus,nigrofuscus,Acanthurus nigrofuscus,2,0,Others,
2023,Lucero,10,V5,GH040093,17:39,10:40,Labroides,dimidiatus,Labroides dimidiatus,1,0,Others,
2023,Lucero,10,V5,GH040093,17:39,14:04,Parupeneus,multifasciatus,Parupeneus multifasciatus,1,0,Others,
2023,Lucero,10,V5,GH040093,17:39,15:11,Halichoeres,hortulatus,Halichoeres hortulatus,1,0,Others,
2023,Lucero,10,V5,GH040093,17:39,17:23,Chlorurus,spilurus,Chlorurus spilurus,1,5,Others,
2023,Lucero,10,V5,GH050093,17:39,0:36,Acanthurus,nigrofuscus,Acanthurus nigrofuscus,2,0,Others,
2023,Lucero,10,V5,GH050093,17:39,7:14,Melichthys,vidua,Melichthys vidua,1,0,Browser,
2023,Lucero,10,V5,GH050093,17:39,7:14,Acanthurus,nigrofuscus,Acanthurus nigrofuscus,1,0,Others,
2023,Lucero,10,V5,GH050093,17:39,8:43,Novaculichthys,taeniopterus,Novaculichthys taeniopterus,1,0,Others,
2023,Lucero,10,V5,GH050093,17:39,10:37,Chaetodon,kleinii,Chaetodon kleinii,1,0,Others,
2023,Lucero,10,V5,GH050093,17:39,11:16,Chlorurus,spilurus,Chlorurus spilurus,1,0,Others,
2023,Lucero,10,V5,GH050093,17:39,11:16,Labroides,dimidiatus,Labroides dimidiatus,1,0,Others,
2023,Lucero,10,V5,GH050093,17:39,12:06,Acanthurus,nigrofuscus,Acanthurus nigrofuscus,1,3,Others,
2023,Lucero,10,V5,GH050093,17:39,15:50,Acanthurus,nigrofuscus,Acanthurus nigrofuscus,1,0,Others,
2023,Lucero,10,V5,GH060093,17:39,0:58,Acanthurus,nigrofuscus,Acanthurus nigrofuscus,1,0,Others,
2023,Lucero,10,V5,GH060093,17:39,1:43,Odonus,niger,Odonus niger,1,0,Others,
2023,Lucero,10,V5,GH060093,17:39,2:05,Melichthys,vidua,Melichthys vidua,1,17,Browser,
2023,Lucero,10,V5,GH060093,17:39,2:16,Oxycheilinus,digramma,Oxycheilinus digramma,1,0,Others,
2023,Lucero,10,V5,GH060093,17:39,2:30,Chaetodon,kleinii,Chaetodon kleinii,1,0,Others,
2023,Lucero,10,V5,GH060093,17:39,3:13,Acanthurus,nigrofuscus,Acanthurus nigrofuscus,2,0,Others,
2023,Lucero,10,V5,GH060093,17:39,3:43,Sufflamen,chrysopterus,Sufflamen chrysopterus,2,0,Others,
2023,Lucero,10,V5,GH060093,17:39,10:15,Acanthurus,nigrofuscus,Acanthurus nigrofuscus,1,0,Others,
2023,Lucero,10,V5,GH060093,17:39,10:54,Chaetodon,kleinii,Chaetodon kleinii,1,0,Others,
2023,Lucero,10,V5,GH060093,17:39,11:18,Melichthys,vidua,Melichthys vidua,1,0,Browser,
2023,Lucero,10,V5,GH060093,17:39,11:53,Oxycheilinus,digramma,Oxycheilinus digramma,1,0,Others,
2023,Lucero,10,V5,GH060093,17:39,12:23,Acanthurus,nigrofuscus,Acanthurus nigrofuscus,1,5,Others,
2023,Lucero,10,V5,GH060093,17:39,17:20,Labroides,dimidiatus,Labroides dimidiatus,1,0,Others,
2023,Lucero,10,V5,GH060093,17:39,17:37,Acanthurus,nigrofuscus,Acanthurus nigrofuscus,1,0,Others,
2023,Lucero,10,V5,GH070093,17:39,0:32,Chaetodon,vagabundus,Chaetodon vagabundus,2,0,Others,
2023,Lucero,10,V5,GH070093,17:39,2:49,Zanclus,cornutus,Zanclus cornutus,1,0,Others,
2023,Lucero,10,V5,GH070093,17:39,4:14,Sufflamen,chrysopterus,Sufflamen chrysopterus,1,0,Others,
2023,Lucero,10,V5,GH070093,17:39,4:30,Acanthurus,nigrofuscus,Acanthurus nigrofuscus,1,0,Others,
2023,Lucero,10,V5,GH070093,17:39,4:46,Oxycheilinus,digramma,Oxycheilinus digramma,1,0,Others,
2023,Lucero,10,V5,GH070093,17:39,5:41,Oxycheilinus,digramma,Oxycheilinus digramma,1,0,Others,
2023,Lucero,10,V5,GH070093,17:39,6:32,Chaetodon,kleinii,Chaetodon kleinii,1,0,Others,
2023,Lucero,10,V5,GH070093,17:39,9:00,Melichthys,vidua,Melichthys vidua,1,0,Browser,
2023,Lucero,10,V5,GH070093,17:39,9:40,Pomacentrus,coelestis,Pomacentrus coelestis,2,0,Others,
2023,Lucero,10,V5,GH070093,17:39,9:52,Zanclus,cornutus,Zanclus cornutus,1,0,Others,
2023,Lucero,10,V5,GH070093,17:39,12:10,Chaetodon,kleinii,Chaetodon kleinii,1,0,Others,
2023,Lucero,10,V5,GH070093,17:39,14:19,Labroides,dimidiatus,Labroides dimidiatus,1,0,Others,
2023,Lucero,10,V5,GH070093,17:39,16:39,Chaetodon,kleinii,Chaetodon kleinii,1,0,Others,
2023,Lucero,10,V5,GH080093,17:38,1:48,Oxycheilinus,digramma,Oxycheilinus digramma,1,0,Others,
2023,Lucero,10,V5,GH080093,17:38,2:40,Naso,brachycentron,Naso brachycentron,1,0,Browser,
2023,Lucero,10,V5,GH080093,17:38,3:30,Melichthys,vidua,Melichthys vidua,2,0,Browser,
2023,Lucero,10,V5,GH080093,17:38,15:30,Sufflamen,chrysopterus,Sufflamen chrysopterus,1,0,Others,
2023,Lucero,10,V5,GH090093,17:38,0:34,Cheilinus,chlorourus,Cheilinus chlorourus,1,0,Others,
2023,Lucero,10,V5,GH090093,17:38,0:34,Cheilinus,fasciatus,Cheilinus fasciatus,1,0,Others,
2023,Lucero,10,V5,GH090093,17:38,1:06,Acanthurus,nigrofuscus,Acanthurus nigrofuscus,1,0,Others,
2023,Lucero,10,V5,GH090093,17:38,2:30,Chaetodon,kleinii,Chaetodon kleinii,2,0,Others,
2023,Lucero,10,V5,GH090093,17:38,3:11,Acanthurus,nigrofuscus,Acanthurus nigrofuscus,1,0,Others,
2023,Lucero,10,V5,GH090093,17:38,5:11,Novaculichthys,taeniopterus,Novaculichthys taeniopterus,1,0,Others,
2023,Lucero,10,V5,GH090093,17:38,5:29,Chlorurus,spilurus,Chlorurus spilurus,1,0,Others,
2023,Lucero,10,V5,GH090093,17:38,6:13,Acanthurus,nigrofuscus,Acanthurus nigrofuscus,1,0,Others,
2023,Lucero,10,V5,GH090093,17:38,10:12,Labroides,dimidiatus,Labroides dimidiatus,1,0,Others,
2023,Lucero,10,V5,GH090093,17:38,10:53,Zanclus,cornutus,Zanclus cornutus,1,0,Others,
2023,Lucero,10,V5,GH090093,17:38,15:35,Acanthurus,nigrofuscus,Acanthurus nigrofuscus,1,0,Others,
2023,Lucero,10,V5,GH100093,17:38,0:17,Acanthurus,nigrofuscus,Acanthurus nigrofuscus,2,0,Others,
2023,Lucero,10,V5,GH100093,17:38,1:01,Labroides,dimidiatus,Labroides dimidiatus,1,0,Others,
2023,Lucero,10,V5,GH100093,17:38,4:08,Chaetodon,kleinii,Chaetodon kleinii,1,0,Others,
2023,Lucero,10,V5,GH100093,17:38,6:38,Zanclus,cornutus,Zanclus cornutus,1,0,Others,
2023,Lucero,10,V5,GH100093,17:38,7:45,Odonus,niger,Odonus niger,1,0,Others,
2023,Lucero,10,V5,GH100093,17:38,7:58,Acanthurus,nigrofuscus,Acanthurus nigrofuscus,1,9,Others,
2023,Lucero,10,V5,GH100093,17:38,9:36,Acanthurus,nigrofuscus,Acanthurus nigrofuscus,2,33,Others,
2023,Lucero,10,V5,GH100093,17:38,11:45,Cheilinus,chlorourus,Cheilinus chlorourus,2,0,Others,
2023,Lucero,10,V5,GH100093,17:38,13:57,Chaetodon,kleinii,Chaetodon kleinii,2,0,Others,
2023,Lucero,10,V5,GH100093,17:38,16:12,Melichthys,vidua,Melichthys vidua,2,0,Browser,
2023,Lucero,10,V5,GH110093,17:39,0:13,Odonus,niger,Odonus niger,1,0,Others,
2023,Lucero,10,V5,GH110093,17:39,3:08,Sufflamen,chrysopterus,Sufflamen chrysopterus,1,0,Others,
2023,Lucero,10,V5,GH110093,17:39,3:36,Melichthys,vidua,Melichthys vidua,1,0,Browser,
2023,Lucero,10,V5,GH110093,17:39,3:47,Chaetodon,kleinii,Chaetodon kleinii,1,0,Others,
2023,Lucero,10,V5,GH110093,17:39,5:34,Oxycheilinus,digramma,Oxycheilinus digramma,1,0,Others,
2023,Lucero,10,V5,GH110093,17:39,9:40,Lutjanus,decussatus,Lutjanus decussatus,2,0,Others,
2023,Lucero,10,V5,GH110093,17:39,10:04,Novaculichthys,taeniopterus,Novaculichthys taeniopterus,1,0,Others,
2023,Lucero,10,V5,GH110093,17:39,11:32,Labroides,dimidiatus,Labroides dimidiatus,1,0,Others,
2023,Lucero,10,V5,GH110093,17:39,11:50,Cheilinus,chlorourus,Cheilinus chlorourus,1,0,Others,
2023,Lucero,20,V1,GH010072,8:23,3:30,Acanthurus,pyroferus,Acanthurus pyroferus,2,0,Others,
2023,Lucero,20,V1,GH010072,8:23,3:30,Chlorurus,spilurus,Chlorurus spilurus,2,0,Others,
2023,Lucero,20,V1,GH010072,8:23,4:40,Chlorurus,bowersi,Chlorurus bowersi,1,0,Others,
2023,Lucero,20,V1,GH010072,8:23,4:40,Chlorurus,spilurus,Chlorurus spilurus,3,0,Others,
2023,Lucero,20,V1,GH010072,8:23,4:40,Acanthurus,pyroferus,Acanthurus pyroferus,3,0,Others,
2023,Lucero,20,V1,GH010072,8:23,4:34,Bodianus,mesothorax,Bodianus mesothorax,1,0,Others,
2023,Lucero,20,V1,GH010072,8:23,5:17,Ctenochaetus,striatus,Ctenochaetus striatus,1,0,Others,
2023,Lucero,20,V1,GH010072,8:23,6:12,Zanclus,cornutus,Zanclus cornutus,2,0,Others,
2023,Lucero,20,V1,GH010072,8:23,7:26,Scarus,chameleon,Scarus chameleon,1,0,Others,
2023,Lucero,20,V1,GH020072,11:47,11:07,Bodianus,mesothorax,Bodianus mesothorax,1,0,Others,
2023,Lucero,20,V1,GH030072,11:47,1:26,Zanclus,cornutus,Zanclus cornutus,1,0,Others,
2023,Lucero,20,V1,GH030072,11:47,7:44,Zanclus,cornutus,Zanclus cornutus,1,0,Others,
2023,Lucero,20,V1,GH040072,11:47,6:40,Chaetodon,punctatofasciatus,Chaetodon punctatofasciatus,1,0,Others,
2023,Lucero,20,V1,GH040072,11:47,7:32,Ctenochaetus,striatus,Ctenochaetus striatus,1,0,Others,
2023,Lucero,20,V1,GH040072,11:47,9:18,Zanclus,cornutus,Zanclus cornutus,1,0,Others,
2023,Lucero,20,V1,GH040072,11:47,9:37,Chaetodon,punctatofasciatus,Chaetodon punctatofasciatus,1,0,Others,
2023,Lucero,20,V1,GH040072,11:47,11:16,Forcipiger,longirostris,Forcipiger longirostris,1,0,Others,
2023,Lucero,20,V1,GH040072,11:47,11:16,Zebrasoma,scopas,Zebrasoma scopas,1,0,Others,
2023,Lucero,20,V1,GH050072,11:47,0:36,Acanthurus,nigricans,Acanthurus nigricans,1,0,Others,
2023,Lucero,20,V1,GH050072,11:47,2:26,Naso,lituratus,Naso lituratus,1,3,Browser,
2023,Lucero,20,V1,GH050072,11:47,5:00,Chaetodon,punctatofasciatus,Chaetodon punctatofasciatus,2,0,Others,
2023,Lucero,20,V1,GH060072,11:47,-,-,-,- -,-,0,None,
2023,Lucero,20,V1,GH070072,11:47,11:05,Zanclus,cornutus,Zanclus cornutus,1,0,Others,
2023,Lucero,20,V1,GH080072,11:47,-,-,-,- -,-,0,None,
2023,Lucero,20,V1,GH090072,11:47,-,-,-,- -,-,0,None,
2023,Lucero,20,V1,GH100072,11:47,2:45,Fistularia,commersoni,Fistularia commersoni,1,0,Others,
2023,Lucero,20,V1,GH100072,11:47,11:30,Pervagor,janthisoma,Pervagor janthisoma,1,0,Others,
2023,Lucero,20,V1,GH110072,11:47,3:57,Pervagor,janthisoma,Pervagor janthisoma,1,0,Others,
2023,Lucero,20,V1,GH120072,11:47,11:24,Zanclus,cornutus,Zanclus cornutus,1,0,Others,
2023,Lucero,20,V1,GH130072,11:47,-,-,-,- -,-,0,None,
2023,Lucero,20,V1,GH140072,11:47,8:12,Chaetodon,punctatofasciatus,Chaetodon punctatofasciatus,1,0,Others,
2023,Lucero,20,V1,GH150072,11:47,-,-,-,- -,-,0,None,
2023,Lucero,20,V1,GH160072,11:47,2:26,Pervagor,janthisoma,Pervagor janthisoma,1,0,Others,
2023,Lucero,20,V1,GH170072,11:47,5:38,Fistularia,commersoni,Fistularia commersoni,1,0,Others,
2023,Lucero,20,V1,GH170072,11:47,8:44,Chaetodon,punctatofasciatus,Chaetodon punctatofasciatus,1,0,Others,
2023,Lucero,20,V1,GH180072,11:47,-,-,-,- -,-,0,None,
2023,Lucero,20,V1,GH190072,11:47,1:55,Cheilinus,chlorourus,Cheilinus chlorourus,1,0,Others,
2023,Lucero,20,V1,GH190072,11:47,3:58,Fistularia,commersoni,Fistularia commersoni,1,0,Others,
2023,Lucero,20,V1,GH200072,11:47,7:52,Pervagor,janthisoma,Pervagor janthisoma,1,0,Others,
2023,Lucero,20,V1,GH210072,8:53,2:23,Chaetodon,punctatofasciatus,Chaetodon punctatofasciatus,2,0,Others,
2023,Lucero,20,V2,GH010072,15:36,16:53,Naso,lituratus,Naso lituratus,1,0,Browser,
2023,Lucero,20,V2,GH020072,17:38,7:21,Pterocaesio,tile,Pterocaesio tile,1,0,Others,
2023,Lucero,20,V2,GH030072,17:38,0:29,Zanclus,cornutus,Zanclus cornutus,1,0,Others,
2023,Lucero,20,V2,GH030072,17:38,1:14,Chaetodon,auriga,Chaetodon auriga,2,0,Others,
2023,Lucero,20,V2,GH030072,17:38,1:14,Naso,unicornis,Naso unicornis,5,0,Browser,
2023,Lucero,20,V2,GH030072,17:38,3:35,Caranx,sexfasciatus,Caranx sexfasciatus,1,0,Others,
2023,Lucero,20,V2,GH030072,17:38,11:44,Naso,unicornis,Naso unicornis,1,0,Browser,
2023,Lucero,20,V2,GH030072,17:38,12:04,Oxycheilinus,digramma,Oxycheilinus digramma,1,0,Others,
2023,Lucero,20,V2,GH030072,17:38,14:18,Naso,unicornis,Naso unicornis,2,0,Browser,
2023,Lucero,20,V2,GH030072,17:38,17:24,Sufflamen,chrysopterus,Sufflamen chrysopterus,1,0,Others,
2023,Lucero,20,V2,GH040072,17:38,0:02,Genicanthus,melanospilus,Genicanthus melanospilus,1,0,Others,
2023,Lucero,20,V2,GH040072,17:38,2:25,Sufflamen,chrysopterus,Sufflamen chrysopterus,1,0,Others,
2023,Lucero,20,V2,GH040072,17:38,3:40,Acanthurus,nigrofuscus,Acanthurus nigrofuscus,1,9,Others,
2023,Lucero,20,V2,GH040072,17:38,4:04,Parupeneus,multifasciatus,Parupeneus multifasciatus,1,0,Others,
2023,Lucero,20,V2,GH050072,17:38,15:06,Sufflamen,chrysopterus,Sufflamen chrysopterus,1,0,Others,
2023,Lucero,20,V2,GH060072,17:38,10:32,Naso,unicornis,Naso unicornis,1,0,Browser,
2023,Lucero,20,V2,GH060072,17:38,13:14,Chaetodon,kleinii,Chaetodon kleinii,2,0,Others,
2023,Lucero,20,V2,GH070072,17:39,1:30,Scarus,forsteni,Scarus forsteni,1,0,Others,
2023,Lucero,20,V2,GH080072,17:39,-,-,-,- -,-,0,None,
2023,Lucero,20,V2,GH090072,17:39,6:18,Parupeneus,multifasciatus,Parupeneus multifasciatus,1,0,Others,
2023,Lucero,20,V2,GH090072,17:39,6:18,Cheilinus,chlorourus,Cheilinus chlorourus,1,0,Others,
2023,Lucero,20,V2,GH090072,17:39,12:18,Sufflamen,chrysopterus,Sufflamen chrysopterus,1,0,Others,
2023,Lucero,20,V2,GH100072,17:38,13:10,Cheilinus,chlorourus,Cheilinus chlorourus,1,0,Others,
2023,Lucero,20,V2,GH110072,17:38,-,-,-,- -,-,0,None,
2023,Lucero,20,V2,GH120072,17:38,1:10,Cheilinus,chlorourus,Cheilinus chlorourus,1,0,Others,
2023,Lucero,20,V2,GH120072,17:38,8:15,Scarus,forsteni,Scarus forsteni,1,0,Others,
2023,Lucero,20,V2,GH120072,17:38,13:21,Balistapus,undulatus,Balistapus undulatus,1,0,Others,
2023,Lucero,20,V2,GH120072,17:38,15:50,Balistoides,viridescens,Balistoides viridescens,1,0,Others,
2023,Lucero,20,V2,GH130072,17:39,4:01,Cheilinus,chlorourus,Cheilinus chlorourus,1,0,Others,
2023,Lucero,20,V2,GH130072,17:39,5:55,Sufflamen,chrysopterus,Sufflamen chrysopterus,1,0,Others,
2023,Lucero,20,V2,GH140072,17:38,5:55,Naso,unicornis,Naso unicornis,1,0,Browser,
2023,Lucero,20,V2,GH150072,1:08,-,-,-,- -,-,0,None,
2023,Lucero,20,V3,GH010096,15:18,9:10,Naso,unicornis,Naso unicornis,1,0,Browser,
2023,Lucero,20,V3,GH010096,15:18,16:14,Parupeneus,multifasciatus,Parupeneus multifasciatus,2,0,Others,
2023,Lucero,20,V3,GH020096,17:38,-,-,-,- -,-,0,None,
2023,Lucero,20,V3,GH030096,17:39,6:44,Acanthurus,nigrofuscus,Acanthurus nigrofuscus,1,0,Others,
2023,Lucero,20,V3,GH030096,17:39,8:50,Parupeneus,barberinus,Parupeneus barberinus,1,0,Others,
2023,Lucero,20,V3,GH030096,17:39,12:19,Balistoides,viridescens,Balistoides viridescens,1,0,Others,
2023,Lucero,20,V3,GH030096,17:39,13:00,Parupeneus,barberinus,Parupeneus barberinus,2,0,Others,
2023,Lucero,20,V3,GH040096,17:38,6:01,Halichoeres,hortulatus,Halichoeres hortulatus,1,0,Others,
2023,Lucero,20,V3,GH050096,17:39,2:31,Balistoides,viridescens,Balistoides viridescens,1,0,Others,
2023,Lucero,20,V3,GH050096,17:39,3:10,Halichoeres,hortulatus,Halichoeres hortulatus,1,0,Others,
2023,Lucero,20,V3,GH050096,17:39,3:59,Parupeneus,barberinus,Parupeneus barberinus,1,0,Others,
2023,Lucero,20,V3,GH050096,17:39,4:30,Parupeneus,barberinus,Parupeneus barberinus,1,0,Others,
2023,Lucero,20,V3,GH050096,17:39,9:25,Parupeneus,barberinus,Parupeneus barberinus,1,0,Others,
2023,Lucero,20,V3,GH050096,17:39,9:25,Scolopsis,bilineatus,Scolopsis bilineatus,1,0,Others,
2023,Lucero,20,V3,GH050096,17:39,13:40,Cetoscarus,bicolor,Cetoscarus bicolor,1,0,Others,
2023,Lucero,20,V3,GH060096,17:38,1:33,Zanclus,cornutus,Zanclus cornutus,1,0,Others,
2023,Lucero,20,V3,GH060096,17:38,1:33,Chaetodon,vagabundus,Chaetodon vagabundus,1,0,Others,
2023,Lucero,20,V3,GH060096,17:38,1:33,Acanthurus,nigrofuscus,Acanthurus nigrofuscus,1,0,Others,
2023,Lucero,20,V3,GH060096,17:38,2:52,Parupeneus,barberinus,Parupeneus barberinus,1,0,Others,
2023,Lucero,20,V3,GH060096,17:38,15:10,Halichoeres,hortulatus,Halichoeres hortulatus,1,0,Others,
2023,Lucero,20,V3,GH060096,17:38,15:10,Parupeneus,barberinus,Parupeneus barberinus,1,0,Others,
2023,Lucero,20,V3,GH060096,17:38,16:06,Parupeneus,barberinus,Parupeneus barberinus,2,0,Others,
2023,Lucero,20,V3,GH060096,17:38,16:06,Parupeneus,multifasciatus,Parupeneus multifasciatus,1,0,Others,
2023,Lucero,20,V3,GH060096,17:38,16:06,Parupeneus,pleurostigma,Parupeneus pleurostigma,1,0,Others,
2023,Lucero,20,V3,GH060096,17:38,16:13,Halichoeres,hortulatus,Halichoeres hortulatus,1,0,Others,
2023,Lucero,20,V3,GH060096,17:38,16:31,Hipposcarus,longiceps,Hipposcarus longiceps,2,0,Others,
2023,Lucero,20,V3,GH060096,17:38,16:47,Chlorurus,spilurus,Chlorurus spilurus,1,0,Others,
2023,Lucero,20,V3,GH070096,17:38,15:18,Parupeneus,barberinus,Parupeneus barberinus,1,0,Others,
2023,Lucero,20,V3,GH080096,17:38,1:10,Acanthurus,nigrofuscus,Acanthurus nigrofuscus,1,0,Others,
2023,Lucero,20,V3,GH080096,17:38,4:43,Chaetodon,mertensii,Chaetodon mertensii,1,0,Others,
2023,Lucero,20,V3,GH080096,17:38,11:50,Diploprion,bifasciatum,Diploprion bifasciatum,1,0,Others,
2023,Lucero,20,V3,GH090096,17:39,12:28,Parupeneus,barberinus,Parupeneus barberinus,1,0,Others,
2023,Lucero,20,V3,GH090096,17:39,14:58,Parupeneus,pleurostigma,Parupeneus pleurostigma,1,0,Others,
2023,Lucero,20,V3,GH100096,17:38,6:08,Parupeneus,barberinus,Parupeneus barberinus,1,0,Others,
2023,Lucero,20,V3,GH100096,17:38,11:20,Naso,unicornis,Naso unicornis,1,0,Browser,
2023,Lucero,20,V3,GH110096,17:38,1:26,Chaetodon,mertensii,Chaetodon mertensii,1,0,Others,
2023,Lucero,20,V3,GH120096,17:38,10:15,Naso,unicornis,Naso unicornis,1,0,Browser,
2023,Lucero,20,V3,GH120096,17:38,14:50,Parupeneus,barberinus,Parupeneus barberinus,1,0,Others,
2023,Lucero,20,V3,GH130096,17:38,1:18,Thalassoma,hardwicke,Thalassoma hardwicke,1,0,Others,
2023,Lucero,20,V3,GH130096,17:38,6:00,Parupeneus,multifasciatus,Parupeneus multifasciatus,1,0,Others,
2023,Lucero,20,V3,GH130096,17:38,8:57,Parupeneus,barberinus,Parupeneus barberinus,1,0,Others,
2023,Lucero,20,V3,GH130096,17:38,9:40,Diploprion,bifasciatum,Diploprion bifasciatum,1,0,Others,
2023,Lucero,20,V3,GH130096,17:38,11:59,Scolopsis,bilineatus,Scolopsis bilineatus,1,0,Others,
2023,Lucero,20,V3,GH140096,17:38,1:36,Chaetodon,mertensii,Chaetodon mertensii,1,0,Others,
2023,Lucero,20,V3,GH150096,6:05,2:38,Caranx,sexfasciatus,Caranx sexfasciatus,1,0,Others,
2023,Lucero,20,V3,GH150096,6:05,2:57,Naso,unicornis,Naso unicornis,3,0,Browser,
2023,Lucero,30,V1,GH010097,16:16,2:39,Scolopsis,ciliatus,Scolopsis ciliatus,2,0,Others,
2023,Lucero,30,V1,GH010097,16:16,3:22,Parupeneus,multifasciatus,Parupeneus multifasciatus,1,0,Others,
2023,Lucero,30,V1,GH010097,16:16,5:22,Acanthurus,nigrofuscus,Acanthurus nigrofuscus,1,4,Others,
2023,Lucero,30,V1,GH010097,16:16,5:22,Scarus,forsteni,Scarus forsteni,1,0,Others,
2023,Lucero,30,V1,GH010097,16:16,5:47,Chaetodon,mertensii,Chaetodon mertensii,2,0,Others,
2023,Lucero,30,V1,GH010097,16:16,5:52,Parupeneus,barbernoides,Parupeneus barbernoides,2,0,Others,
2023,Lucero,30,V1,GH010097,16:16,6:33,Acanthurus,nigrofuscus,Acanthurus nigrofuscus,1,26,Others,
2023,Lucero,30,V1,GH010097,16:16,7:00,Zanclus,cornutus,Zanclus cornutus,1,0,Others,
2023,Lucero,30,V1,GH010097,16:16,7:16,Parupeneus,barberinoides,Parupeneus barberinoides,1,0,Others,
2023,Lucero,30,V1,GH010097,16:16,7:16,Parupeneus,barberinus,Parupeneus barberinus,2,0,Others,
2023,Lucero,30,V1,GH010097,16:16,7:16,Parupeneus,pleurostigma,Parupeneus pleurostigma,1,0,Others,
2023,Lucero,30,V1,GH010097,16:16,9:25,Acanthurus,nigrofuscus,Acanthurus nigrofuscus,2,25,Others,
2023,Lucero,30,V1,GH010097,16:16,10:07,Scolopsis,ciliatus,Scolopsis ciliatus,1,0,Others,
2023,Lucero,30,V1,GH010097,16:16,10:37,Centropyge,bicolor,Centropyge bicolor,2,40,Others,
2023,Lucero,30,V1,GH010097,16:16,11:23,Scarus,forsteni,Scarus forsteni,1,0,Others,
2023,Lucero,30,V1,GH010097,16:16,14:25,Zanclus,cornutus,Zanclus cornutus,3,0,Others,
2023,Lucero,30,V1,GH010097,16:16,17:26,Cheilinus,chlorourus,Cheilinus chlorourus,1,0,Others,
2023,Lucero,30,V1,GH020097,17:39,0:17,Centropyge,vroliki,Centropyge vroliki,1,0,Others,
2023,Lucero,30,V1,GH020097,17:39,0:29,Acanthurus,nigrofuscus,Acanthurus nigrofuscus,1,2,Others,
2023,Lucero,30,V1,GH020097,17:39,0:58,Centropyge,bicolor,Centropyge bicolor,1,5,Others,
2023,Lucero,30,V1,GH020097,17:39,0:58,Chaetodon,speculum,Chaetodon speculum,1,0,Others,
2023,Lucero,30,V1,GH020097,17:39,3:04,Scarus,forsteni,Scarus forsteni,1,0,Others,
2023,Lucero,30,V1,GH020097,17:39,3:04,Naso,unicornis,Naso unicornis,1,26,Browser,
2023,Lucero,30,V1,GH020097,17:39,3:29,Acanthurus,nigrofuscus,Acanthurus nigrofuscus,2,53,Others,
2023,Lucero,30,V1,GH020097,17:39,6:09,Scarus,forsteni,Scarus forsteni,1,2,Others,
2023,Lucero,30,V1,GH020097,17:39,6:30,Centropyge,vroliki,Centropyge vroliki,1,5,Others,
2023,Lucero,30,V1,GH020097,17:39,7:29,Naso,unicornis,Naso unicornis,1,11,Browser,
2023,Lucero,30,V1,GH020097,17:39,7:54,Acanthurus,nigrofuscus,Acanthurus nigrofuscus,1,0,Others,
2023,Lucero,30,V1,GH020097,17:39,11:26,Scarus,forsteni,Scarus forsteni,1,0,Others,
2023,Lucero,30,V1,GH020097,17:39,12:13,Acanthurus,nigrofuscus,Acanthurus nigrofuscus,1,0,Others,
2023,Lucero,30,V1,GH020097,17:39,12:57,Plectropomus,leopardus,Plectropomus leopardus,1,0,Others,
2023,Lucero,30,V1,GH020097,17:39,17:20,Naso,unicornis,Naso unicornis,1,0,Browser,
2023,Lucero,30,V1,GH030097,17:38,12:01,Oxycheilinus,digramma,Oxycheilinus digramma,1,0,Others,
2023,Lucero,30,V1,GH030097,17:38,14:00,Naso,unicornis,Naso unicornis,2,0,Browser,
2023,Lucero,30,V1,GH040097,17:39,1:38,Naso,unicornis,Naso unicornis,1,0,Browser,
2023,Lucero,30,V1,GH040097,17:39,7:11,Acanthurus,nigrofuscus,Acanthurus nigrofuscus,2,0,Others,
2023,Lucero,30,V1,GH040097,17:39,7:11,Sufflamen,chrysopterus,Sufflamen chrysopterus,1,0,Others,
2023,Lucero,30,V1,GH040097,17:39,9:10,Scolopsis,ciliatus,Scolopsis ciliatus,1,0,Others,
2023,Lucero,30,V1,GH040097,17:39,9:31,Parupeneus,barbernoides,Parupeneus barbernoides,1,0,Others,
2023,Lucero,30,V1,GH040097,17:39,12:36,Naso,unicornis,Naso unicornis,1,0,Browser,
2023,Lucero,30,V1,GH040097,17:39,15:04,Oxycheilinus,digramma,Oxycheilinus digramma,1,0,Others,
2023,Lucero,30,V1,GH040097,17:39,17:04,Naso,unicornis,Naso unicornis,1,1,Browser,fed on substrate/grazing
2023,Lucero,30,V1,GH050097,17:38,0:27,Parupeneus,multifasciatus,Parupeneus multifasciatus,1,0,Others,
2023,Lucero,30,V1,GH050097,17:38,4:59,Hipposcarus,longiceps,Hipposcarus longiceps,1,0,Others,
2023,Lucero,30,V1,GH050097,17:38,5:08,Parupeneus,barbernoides,Parupeneus barbernoides,1,0,Others,
2023,Lucero,30,V1,GH050097,17:38,5:08,Parupeneus,pleurostigma,Parupeneus pleurostigma,1,0,Others,
2023,Lucero,30,V1,GH050097,17:38,8:01,Acanthurus,nigrofuscus,Acanthurus nigrofuscus,1,2,Others,
2023,Lucero,30,V1,GH050097,17:38,8:01,Centropyge,vroliki,Centropyge vroliki,1,0,Others,
2023,Lucero,30,V1,GH050097,17:38,8:11,Parupeneus,pleurostigma,Parupeneus pleurostigma,2,0,Others,
2023,Lucero,30,V1,GH050097,17:38,8:59,Siganus,doliatus,Siganus doliatus,2,6,Browser,
2023,Lucero,30,V1,GH060097,17:38,5:51,Parupeneus,pleurostigma,Parupeneus pleurostigma,1,0,Others,
2023,Lucero,30,V1,GH060097,17:38,7:00,Chaetodon,kleinii,Chaetodon kleinii,1,0,Others,
2023,Lucero,30,V1,GH060097,17:38,7:53,Balistoides,viridescens,Balistoides viridescens,1,0,Others,
2023,Lucero,30,V1,GH060097,17:38,8:20,Sufflamen,chrysopterus,Sufflamen chrysopterus,1,0,Others,
2023,Lucero,30,V1,GH060097,17:38,8:20,Centropyge,bicolor,Centropyge bicolor,1,18,Others,
2023,Lucero,30,V1,GH060097,17:38,8:32,Chlorurus,spilurus,Chlorurus spilurus,1,7,Others,
2023,Lucero,30,V1,GH060097,17:38,8:40,Acanthurus,nigrofuscus,Acanthurus nigrofuscus,1,12,Others,
2023,Lucero,30,V1,GH060097,17:38,9:15,Acanthurus,nigrofuscus,Acanthurus nigrofuscus,1,30,Others,
2023,Lucero,30,V1,GH060097,17:38,9:55,Forcipiger,longirostris,Forcipiger longirostris,1,0,Others,
2023,Lucero,30,V1,GH060097,17:38,10:45,Balistoides,viridescens,Balistoides viridescens,1,0,Others,
2023,Lucero,30,V1,GH060097,17:38,13:52,Plectropomus,leopardus,Plectropomus leopardus,1,0,Others,
2023,Lucero,30,V1,GH060097,17:38,16:25,Chlorurus,spilurus,Chlorurus spilurus,1,0,Others,
2023,Lucero,30,V1,GH060097,17:38,17:05,Centropyge,vroliki,Centropyge vroliki,1,0,Others,
2023,Lucero,30,V1,GH060097,17:38,17:36,Chaetodon,ephippium,Chaetodon ephippium,2,0,Others,
2023,Lucero,30,V1,GH070097,17:39,0:07,Chlorurus,spilurus,Chlorurus spilurus,1,0,Others,
2023,Lucero,30,V1,GH070097,17:39,0:10,Centropyge,bicolor,Centropyge bicolor,1,0,Others,
2023,Lucero,30,V1,GH070097,17:39,0:22,Chaetodon,kleinii,Chaetodon kleinii,1,0,Others,
2023,Lucero,30,V1,GH070097,17:39,0:42,Plectropomus,leopardus,Plectropomus leopardus,1,0,Others,
2023,Lucero,30,V1,GH070097,17:39,0:48,Acanthurus,nigrofuscus,Acanthurus nigrofuscus,1,0,Others,
2023,Lucero,30,V1,GH070097,17:39,0:53,Chlorurus,spilurus,Chlorurus spilurus,1,0,Others,
2023,Lucero,30,V1,GH070097,17:39,1:08,Acanthurus,nigrofuscus,Acanthurus nigrofuscus,1,0,Others,
2023,Lucero,30,V1,GH070097,17:39,1:22,Chlorurus,spilurus,Chlorurus spilurus,1,26,Others,
2023,Lucero,30,V1,GH070097,17:39,2:48,Naso,unicornis,Naso unicornis,1,0,Browser,
2023,Lucero,30,V1,GH070097,17:39,4:06,Acanthurus,nigrofuscus,Acanthurus nigrofuscus,1,38,Others,
2023,Lucero,30,V1,GH070097,17:39,7:14,Parupeneus,barberinus,Parupeneus barberinus,1,0,Others,
2023,Lucero,30,V1,GH070097,17:39,7:14,Parupeneus,pleurostigma,Parupeneus pleurostigma,1,0,Others,
2023,Lucero,30,V1,GH070097,17:39,8:34,Acanthurus,nigrofuscus,Acanthurus nigrofuscus,1,26,Others,
2023,Lucero,30,V1,GH070097,17:39,8:44,Scarus,niger,Scarus niger,1,0,Others,
2023,Lucero,30,V1,GH070097,17:39,8:52,Acanthurus,nigrofuscus,Acanthurus nigrofuscus,1,3,Others,
2023,Lucero,30,V1,GH070097,17:39,10:02,Chlorurus,spilurus,Chlorurus spilurus,1,2,Others,
2023,Lucero,30,V1,GH070097,17:39,10:07,Parupeneus,barberinoides,Parupeneus barberinoides,3,0,Others,
2023,Lucero,30,V1,GH070097,17:39,10:07,Scolopsis,ciliatus,Scolopsis ciliatus,1,0,Others,
2023,Lucero,30,V1,GH070097,17:39,10:14,Acanthurus,nigrofuscus,Acanthurus nigrofuscus,1,7,Others,
2023,Lucero,30,V1,GH070097,17:39,10:47,Chaetodon,auriga,Chaetodon auriga,1,0,Others,
2023,Lucero,30,V1,GH070097,17:39,11:36,Cheilinus,chlorourus,Cheilinus chlorourus,1,0,Others,
2023,Lucero,30,V1,GH080097,17:38,9:36,Parupeneus,barberinus,Parupeneus barberinus,1,0,Others,
2023,Lucero,30,V1,GH090097,17:39,17:03,Parupeneus,barberinoides,Parupeneus barberinoides,1,0,Others,
2023,Lucero,30,V1,GH090097,17:39,17:03,Labroides,dimidiatus,Labroides dimidiatus,1,0,Others,
2023,Lucero,30,V1,GH100097,17:38,1:51,Scarus,niger,Scarus niger,1,0,Others,
2023,Lucero,30,V1,GH100097,17:38,8:03,Parupeneus,multifasciatus,Parupeneus multifasciatus,1,0,Others,
2023,Lucero,30,V1,GH100097,17:38,8:24,Parupeneus,pleurostigma,Parupeneus pleurostigma,2,0,Others,
2023,Lucero,30,V1,GH110097,17:39,0:49,Parupeneus,barberinus,Parupeneus barberinus,1,0,Others,
2023,Lucero,30,V1,GH110097,17:39,0:49,Hipposcarus,longiceps,Hipposcarus longiceps,1,0,Others,
2023,Lucero,30,V1,GH110097,17:39,2:08,Centropyge,vroliki,Centropyge vroliki,1,0,Others,
2023,Lucero,30,V1,GH110097,17:39,2:57,Zanclus,cornutus,Zanclus cornutus,2,0,Others,
2023,Lucero,30,V1,GH110097,17:39,3:23,Siganus,doliatus,Siganus doliatus,2,0,Browser,
2023,Lucero,30,V1,GH110097,17:39,3:51,Zanclus,cornutus,Zanclus cornutus,3,0,Others,
2023,Lucero,30,V1,GH110097,17:39,13:33,Parupeneus,multifasciatus,Parupeneus multifasciatus,1,0,Others,
2023,Lucero,30,V1,GH120097,17:39,15:19,Zanclus,cornutus,Zanclus cornutus,1,0,Others,
2023,Lucero,30,V1,GH130097,17:38,7:19,Scarus,chameleon,Scarus chameleon,2,0,Others,
2023,Lucero,30,V1,GH130097,17:38,11:58,Cheilinus,chlorourus,Cheilinus chlorourus,1,0,Others,
2023,Lucero,30,V1,GH140097,17:39,9:01,Parupeneus,barberinoides,Parupeneus barberinoides,1,0,Others,
2023,Lucero,30,V1,GH140097,17:39,9:01,Zanclus,cornutus,Zanclus cornutus,1,0,Others,
2023,Lucero,30,V1,GH140097,17:39,9:44,Acanthurus,nigrofuscus,Acanthurus nigrofuscus,2,0,Others,
2023,Lucero,30,V1,GH140097,17:39,10:31,Parupeneus,multifasciatus,Parupeneus multifasciatus,1,0,Others,
2023,Lucero,30,V1,GH150097,1:10,-,-,-,- -,-,0,None,
2023,Lucero,30,V2,GH010073,10:37,1:14,Acanthurus,pyroferus,Acanthurus pyroferus,1,0,Others,
2023,Lucero,30,V2,GH010073,10:37,1:14,Scarus,niger,Scarus niger,1,0,Others,
2023,Lucero,30,V2,GH010073,10:37,1:20,Chaetodon,ephippium,Chaetodon ephippium,1,0,Others,
2023,Lucero,30,V2,GH010073,10:37,1:24,Chaetodon,kleinii,Chaetodon kleinii,1,0,Others,
2023,Lucero,30,V2,GH010073,10:37,1:27,Chaetodon,lunulatus,Chaetodon lunulatus,1,0,Others,
2023,Lucero,30,V2,GH010073,10:37,1:29,Lutjanus,kasmira,Lutjanus kasmira,7,0,Others,
2023,Lucero,30,V2,GH010073,10:37,1:29,Lutjanus,bigguttatus,Lutjanus bigguttatus,7,0,Others,
2023,Lucero,30,V2,GH010073,10:37,1:29,Parupeneus,barberinus,Parupeneus barberinus,2,0,Others,
2023,Lucero,30,V2,GH010073,10:37,1:37,Acanthurus,pyroferus,Acanthurus pyroferus,2,0,Others,
2023,Lucero,30,V2,GH010073,10:37,1:37,Scarus,ghobban,Scarus ghobban,1,11,Others,
2023,Lucero,30,V2,GH010073,10:37,1:40,Scarus,niger,Scarus niger,1,5,Others,
2023,Lucero,30,V2,GH010073,10:37,1:47,Scarus,rivulatus,Scarus rivulatus,1,0,Others,
2023,Lucero,30,V2,GH010073,10:37,1:47,Zanclus,cornutus,Zanclus cornutus,2,0,Others,
2023,Lucero,30,V2,GH010073,10:37,1:50,Genicanthus,melanospilus,Genicanthus melanospilus,2,0,Others,
2023,Lucero,30,V2,GH010073,10:37,2:00,Chlorurus,spilurus,Chlorurus spilurus,2,8,Others,
2023,Lucero,30,V2,GH010073,10:37,2:00,Acanthurus,nigrofuscus,Acanthurus nigrofuscus,1,0,Others,
2023,Lucero,30,V2,GH010073,10:37,2:19,Acanthurus,pyroferus,Acanthurus pyroferus,1,0,Others,
2023,Lucero,30,V2,GH010073,10:37,3:28,Centropyge,tibicen,Centropyge tibicen,1,3,Others,
2023,Lucero,30,V2,GH010073,10:37,3:49,Siganus,doliatus,Siganus doliatus,2,12,Browser,
2023,Lucero,30,V2,GH010073,10:37,3:49,Scarus,rivulatus,Scarus rivulatus,1,0,Others,
2023,Lucero,30,V2,GH010073,10:37,5:12,Forcipiger,longirostris,Forcipiger longirostris,2,0,Others,
2023,Lucero,30,V2,GH010073,10:37,6:03,Genicanthus,lamarki,Genicanthus lamarki,1,0,Others,
2023,Lucero,30,V2,GH010073,10:37,7:33,Acanthurus,pyroferus,Acanthurus pyroferus,1,15,Others,
2023,Lucero,30,V2,GH010073,10:37,7:57,Centropyge,bispinossa,Centropyge bispinossa,1,6,Others,
2023,Lucero,30,V2,GH010073,10:37,8:16,Centropyge,vroliki,Centropyge vroliki,1,18,Others,
2023,Lucero,30,V2,GH010073,10:37,8:33,Centropyge,vroliki,Centropyge vroliki,1,14,Others,
2023,Lucero,30,V2,GH010073,10:37,9:08,Centropyge,vroliki,Centropyge vroliki,1,4,Others,
2023,Lucero,30,V2,GH010073,10:37,9:30,Arothron,nigropunctatus,Arothron nigropunctatus,1,0,Others,
2023,Lucero,30,V2,GH010073,10:37,10:08,Chlorurus,spilurus,Chlorurus spilurus,1,16,Others,
2023,Lucero,30,V2,GH010073,10:37,10:08,Scarus,ghobban,Scarus ghobban,2,0,Others,
2023,Lucero,30,V2,GH020073,11:47,0:57,Forcipiger,longirostris,Forcipiger longirostris,4,0,Others,
2023,Lucero,30,V2,GH020073,11:47,7:00,Lutjanus,bigguttatus,Lutjanus bigguttatus,1,0,Others,
2023,Lucero,30,V2,GH020073,11:47,10:00,Parupeneus,multifasciatus,Parupeneus multifasciatus,1,0,Others,
2023,Lucero,30,V2,GH030073,11:47,4:42,Parupeneus,pleurostigma,Parupeneus pleurostigma,1,0,Others,
2023,Lucero,30,V2,GH040073,11:47,2:15,Chlorurus,spilurus,Chlorurus spilurus,1,2,Others,
2023,Lucero,30,V2,GH040073,11:47,9:15,Hipposcarus,longiceps,Hipposcarus longiceps,1,0,Others,
2023,Lucero,30,V2,GH040073,11:47,9:41,Scarus,rivulatus,Scarus rivulatus,1,9,Others,
2023,Lucero,30,V2,GH040073,11:47,11:38,Chaetodon,vagabundus,Chaetodon vagabundus,2,0,Others,
2023,Lucero,30,V2,GH050073,11:47,0:07,Acanthurus,pyroferus,Acanthurus pyroferus,1,0,Others,
2023,Lucero,30,V2,GH050073,11:47,5:30,Epibulus,insidiator,Epibulus insidiator,1,0,Others,
2023,Lucero,30,V2,GH050073,11:47,7:55,Siganus,doliatus,Siganus doliatus,1,0,Browser,
2023,Lucero,30,V2,GH050073,11:47,8:02,Parupeneus,barberinus,Parupeneus barberinus,1,0,Others,
2023,Lucero,30,V2,GH050073,11:47,9:00,Scarus,rivulatus,Scarus rivulatus,1,0,Others,
2023,Lucero,30,V2,GH050073,11:47,9:00,Chaetodon,kleinii,Chaetodon kleinii,1,0,Others,
2023,Lucero,30,V2,GH060073,11:47,7:50,Chlorurus,spilurus,Chlorurus spilurus,1,0,Others,
2023,Lucero,30,V2,GH060073,11:47,8:14,Pygoplites,diacanthus,Pygoplites diacanthus,1,0,Others,
2023,Lucero,30,V2,GH060073,11:47,10:34,Sufflamen,bursa,Sufflamen bursa,1,0,Others,
2023,Lucero,30,V2,GH070073,11:47,1:26,Parupeneus,pleurostigma,Parupeneus pleurostigma,1,0,Others,
2023,Lucero,30,V2,GH070073,11:47,3:36,Forcipiger,longirostris,Forcipiger longirostris,1,0,Others,
2023,Lucero,30,V2,GH070073,11:47,4:11,Canthigaster,meleagris,Canthigaster meleagris,2,0,Others,
2023,Lucero,30,V2,GH070073,11:47,4:47,Acanthurus,pyroferus,Acanthurus pyroferus,1,0,Others,
2023,Lucero,30,V2,GH070073,11:47,4:47,Parupeneus,barberinus,Parupeneus barberinus,2,0,Others,
2023,Lucero,30,V2,GH070073,11:47,4:47,Gymnosarda,bicolor,Gymnosarda bicolor,3,0,Others,
2023,Lucero,30,V2,GH070073,11:47,6:14,Centropyge,bispinossa,Centropyge bispinossa,4,0,Others,
2023,Lucero,30,V2,GH070073,11:47,7:35,Arothron,nigropunctatus,Arothron nigropunctatus,1,0,Others,
2023,Lucero,30,V2,GH070073,11:47,8:18,Scarus,ghobban,Scarus ghobban,1,0,Others,
2023,Lucero,30,V2,GH080073,11:47,1:02,Acanthurus,nigrofuscus,Acanthurus nigrofuscus,2,0,Others,
2023,Lucero,30,V2,GH080073,11:47,4:00,Pomacentrus,lepidogenys,Pomacentrus lepidogenys,1,0,Others,
2023,Lucero,30,V2,GH080073,11:47,5:55,Sufflamen,bursa,Sufflamen bursa,1,0,Others,
2023,Lucero,30,V2,GH090073,11:47,1:13,Chaetodon,kleinii,Chaetodon kleinii,1,0,Others,
2023,Lucero,30,V2,GH090073,11:47,1:13,Forcipiger,longirostris,Forcipiger longirostris,3,0,Others,
2023,Lucero,30,V2,GH090073,11:47,3:34,Genicanthus,melanospilus,Genicanthus melanospilus,2,0,Others,
2023,Lucero,30,V2,GH090073,11:47,9:48,Lutjanus,bigguttatus,Lutjanus bigguttatus,1,0,Others,
2023,Lucero,30,V2,GH090073,11:47,10:10,Acanthurus,nigrofuscus,Acanthurus nigrofuscus,1,1,Others,
2023,Lucero,30,V2,GH090073,11:47,11:24,Chlorurus,spilurus,Chlorurus spilurus,1,23,Others,
2023,Lucero,30,V2,GH100073,11:47,3:20,Balistapus,undulatus,Balistapus undulatus,1,0,Others,
2023,Lucero,30,V2,GH100073,11:47,4:35,Parupeneus,pleurostigma,Parupeneus pleurostigma,1,0,Others,
2023,Lucero,30,V2,GH100073,11:47,9:00,Acanthurus,pyroferus,Acanthurus pyroferus,1,0,Others,
2023,Lucero,30,V2,GH100073,11:47,9:30,Pygoplites,diacanthus,Pygoplites diacanthus,2,0,Others,
2023,Lucero,30,V2,GH100073,11:47,10:07,Centropyge,vroliki,Centropyge vroliki,1,0,Others,
2023,Lucero,30,V2,GH110073,11:47,2:02,Parupeneus,pleurostigma,Parupeneus pleurostigma,1,0,Others,
2023,Lucero,30,V2,GH110073,11:47,2:26,Siganus,doliatus,Siganus doliatus,1,0,Browser,
2023,Lucero,30,V2,GH110073,11:47,3:33,Centropyge,vroliki,Centropyge vroliki,1,0,Others,
2023,Lucero,30,V2,GH110073,11:47,4:07,Centropyge,tibicen,Centropyge tibicen,1,0,Others,
2023,Lucero,30,V2,GH110073,11:47,4:43,Forcipiger,longirostris,Forcipiger longirostris,1,0,Others,
2023,Lucero,30,V2,GH110073,11:47,5:31,Sufflamen,bursa,Sufflamen bursa,1,0,Others,
2023,Lucero,30,V2,GH110073,11:47,6:20,Centropyge,bispinossa,Centropyge bispinossa,3,0,Others,
2023,Lucero,30,V2,GH110073,11:47,6:47,Arothron,nigropunctatus,Arothron nigropunctatus,1,0,Others,
2023,Lucero,30,V2,GH110073,11:47,7:52,Chaetodon,kleinii,Chaetodon kleinii,1,0,Others,
2023,Lucero,30,V2,GH110073,11:47,11:47,Centropyge,vroliki,Centropyge vroliki,1,0,Others,
2023,Lucero,30,V2,GH120073,11:47,0:32,Hipposcarus,longiceps,Hipposcarus longiceps,4,81,Others,
2023,Lucero,30,V2,GH120073,11:47,4:15,Cheilinus,chlorourus,Cheilinus chlorourus,1,0,Others,
2023,Lucero,30,V2,GH120073,11:47,4:35,Centropyge,vroliki,Centropyge vroliki,1,0,Others,
2023,Lucero,30,V2,GH120073,11:47,9:10,Oxycheilinus,digramma,Oxycheilinus digramma,2,0,Others,
2023,Lucero,30,V2,GH120073,11:47,9:10,Centropyge,vroliki,Centropyge vroliki,3,20,Others,
2023,Lucero,30,V2,GH120073,11:47,9:51,Centropyge,tibicen,Centropyge tibicen,1,3,Others,
2023,Lucero,30,V2,GH120073,11:47,9:51,Parupeneus,multifasciatus,Parupeneus multifasciatus,1,0,Others,
2023,Lucero,30,V2,GH120073,11:47,11:47,Epibulus,insidiator,Epibulus insidiator,1,0,Others,
2023,Lucero,30,V2,GH130073,11:47,0:58,Scarus,rivulatus,Scarus rivulatus,1,0,Others,
2023,Lucero,30,V2,GH130073,11:47,0:58,Zanclus,cornutus,Zanclus cornutus,1,0,Others,
2023,Lucero,30,V2,GH130073,11:47,2:03,Arothron,nigropunctatus,Arothron nigropunctatus,1,0,Others,
2023,Lucero,30,V2,GH130073,11:47,3:17,Scarus,rivulatus,Scarus rivulatus,1,0,Others,
2023,Lucero,30,V2,GH130073,11:47,3:38,Zanclus,cornutus,Zanclus cornutus,1,0,Others,
2023,Lucero,30,V2,GH130073,11:47,6:19,Hipposcarus,longiceps,Hipposcarus longiceps,1,20,Others,
2023,Lucero,30,V2,GH130073,11:47,8:32,Parupeneus,pleurostigma,Parupeneus pleurostigma,1,0,Others,
2023,Lucero,30,V2,GH130073,11:47,11:42,Sufflamen,bursa,Sufflamen bursa,1,0,Others,
2023,Lucero,30,V2,GH140073,11:47,0:28,Cephalopholis,merra,Cephalopholis merra,1,0,Others,
2023,Lucero,30,V2,GH140073,11:47,2:00,Cheilinus,chlorourus,Cheilinus chlorourus,1,0,Others,
2023,Lucero,30,V2,GH140073,11:47,3:00,Parupeneus,barberinus,Parupeneus barberinus,1,0,Others,
2023,Lucero,30,V2,GH140073,11:47,3:23,Parupeneus,pleurostigma,Parupeneus pleurostigma,1,0,Others,
2023,Lucero,30,V2,GH140073,11:47,4:32,Labracinus,cyclostomus,Labracinus cyclostomus,1,0,Others,
2023,Lucero,30,V2,GH140073,11:47,8:26,Hipposcarus,longiceps,Hipposcarus longiceps,1,0,Others,
2023,Lucero,30,V2,GH150073,11:47,3:03,Sufflamen,bursa,Sufflamen bursa,1,0,Others,
2023,Lucero,30,V2,GH150073,11:47,7:13,Lutjanus,bigguttatus,Lutjanus bigguttatus,1,0,Others,
2023,Lucero,30,V2,GH150073,11:47,7:30,Genicanthus,melanospilus,Genicanthus melanospilus,1,0,Others,
2023,Lucero,30,V2,GH150073,11:47,8:26,Cephalopholis,argus,Cephalopholis argus,1,0,Others,
2023,Lucero,30,V2,GH150073,11:47,9:06,Centropyge,vroliki,Centropyge vroliki,1,0,Others,
2023,Lucero,30,V2,GH150073,11:47,9:32,Zanclus,cornutus,Zanclus cornutus,1,0,Others,
2023,Lucero,30,V2,GH150073,11:47,9:45,Pygoplites,diacanthus,Pygoplites diacanthus,1,0,Others,
2023,Lucero,30,V2,GH150073,11:47,10:28,Sufflamen,bursa,Sufflamen bursa,1,0,Others,
2023,Lucero,30,V2,GH150073,11:47,10:51,Canthigaster,papua,Canthigaster papua,1,0,Others,
2023,Lucero,30,V2,GH160073,0:26,0:45,Chaetodon,ephippium,Chaetodon ephippium,1,0,Others,
2023,Lucero,30,V2,GH160073,0:26,3:28,Lutjanus,kasmira,Lutjanus kasmira,13,0,Others,
2023,Lucero,30,V2,GH160073,0:26,3:37,Lutjanus,bigguttatus,Lutjanus bigguttatus,1,0,Others,
2023,Lucero,30,V2,GH160073,0:26,4:23,Centropyge,tibicen,Centropyge tibicen,1,9,Others,
2023,Lucero,30,V2,GH160073,0:26,8:30,Centropyge,bispinossa,Centropyge bispinossa,2,87,Others,
2023,Lucero,30,V2,GH170073,11:47,5:04,Forcipiger,longirostris,Forcipiger longirostris,3,0,Others,
2023,Lucero,30,V2,GH170073,11:47,6:35,Acanthurus,nigrofuscus,Acanthurus nigrofuscus,1,9,Others,
2023,Lucero,30,V2,GH170073,11:47,6:35,Zanclus,cornutus,Zanclus cornutus,1,0,Others,
2023,Lucero,30,V2,GH170073,11:47,9:11,Centropyge,vroliki,Centropyge vroliki,2,36,Others,
2023,Lucero,30,V2,GH180073,11:47,1:34,Siganus,guttatus,Siganus guttatus,2,0,Others,
2023,Lucero,30,V2,GH180073,11:47,1:34,Bodianus,mesothorax,Bodianus mesothorax,1,0,Others,
2023,Lucero,30,V2,GH180073,11:47,1:37,Scarus,ghobban,Scarus ghobban,1,0,Others,
2023,Lucero,30,V2,GH180073,11:47,1:48,Acanthurus,nigrofuscus,Acanthurus nigrofuscus,1,4,Others,
2023,Lucero,30,V2,GH180073,11:47,5:53,Forcipiger,longirostris,Forcipiger longirostris,1,0,Others,
2023,Lucero,30,V2,GH180073,11:47,7:05,Acanthurus,pyroferus,Acanthurus pyroferus,1,0,Others,
2023,Lucero,30,V2,GH190073,11:47,2:16,Genicanthus,lamarki,Genicanthus lamarki,1,0,Others,
2023,Lucero,30,V2,GH190073,11:47,2:48,Sufflamen,bursa,Sufflamen bursa,1,0,Others,
2023,Lucero,30,V2,GH190073,11:47,2:59,Siganus,doliatus,Siganus doliatus,1,0,Browser,
2023,Lucero,30,V2,GH190073,11:47,3:53,Parupeneus,multifasciatus,Parupeneus multifasciatus,1,0,Others,
2023,Lucero,30,V2,GH190073,11:47,4:10,Chaetodon,kleinii,Chaetodon kleinii,1,0,Others,
2023,Lucero,30,V2,GH190073,11:47,6:03,Zanclus,cornutus,Zanclus cornutus,1,0,Others,
2023,Lucero,30,V2,GH190073,11:47,7:34,Acanthurus,pyroferus,Acanthurus pyroferus,1,0,Others,
2023,Lucero,30,V2,GH190073,11:47,10:14,Parupeneus,multifasciatus,Parupeneus multifasciatus,1,0,Others,
2023,Lucero,30,V2,GH200073,11:47,3:31,Sufflamen,bursa,Sufflamen bursa,1,0,Others,
2023,Lucero,30,V2,GH210073,10:20,6:50,Zanclus,cornutus,Zanclus cornutus,1,0,Others,
2023,Lucero,30,V2,GH210073,10:20,8:52,Genicanthus,melanospilus,Genicanthus melanospilus,1,0,Others,
2023,Lucero,30,V2,GH210073,10:20,9:10,Centropyge,bispinossa,Centropyge bispinossa,2,11,Others,
2023,Lucero,30,V2,GH210073,10:20,9:39,Centropyge,heraldi,Centropyge heraldi,1,13,Others,
2023,Lucero,30,V3,GH010073,15:08,5:50,Chaetodon,kleinii,Chaetodon kleinii,2,0,Others,
2023,Lucero,30,V3,GH010073,15:08,10:22,Arothron,nigropunctatus,Arothron nigropunctatus,1,0,Others,
2023,Lucero,30,V3,GH010073,15:08,10:52,Naso,unicornis,Naso unicornis,1,0,Browser,
2023,Lucero,30,V3,GH010073,15:08,11:31,Coris,batuensis,Coris batuensis,1,0,Others,
2023,Lucero,30,V3,GH010073,15:08,17:03,Centropyge,vroliki,Centropyge vroliki,1,6,Others,
2023,Lucero,30,V3,GH020073,17:38,0:54,Centropyge,vroliki,Centropyge vroliki,1,24,Others,
2023,Lucero,30,V3,GH020073,17:38,5:31,Genicanthus,melanospilus,Genicanthus melanospilus,2,0,Others,
2023,Lucero,30,V3,GH020073,17:38,6:20,Balistoides,conspicillum,Balistoides conspicillum,1,0,Others,
2023,Lucero,30,V3,GH020073,17:38,6:49,Centropyge,tibicen,Centropyge tibicen,1,0,Others,
2023,Lucero,30,V3,GH020073,17:38,8:13,Parupeneus,multifasciatus,Parupeneus multifasciatus,2,0,Others,
2023,Lucero,30,V3,GH020073,17:38,8:13,Chaetodon,mertensii,Chaetodon mertensii,2,0,Others,
2023,Lucero,30,V3,GH020073,17:38,8:13,Scarus,niger,Scarus niger,1,0,Others,
2023,Lucero,30,V3,GH020073,17:38,8:13,Acanthurus,nigrofuscus,Acanthurus nigrofuscus,2,28,Others,
2023,Lucero,30,V3,GH020073,17:38,9:40,Genicanthus,melanospilus,Genicanthus melanospilus,1,0,Others,
2023,Lucero,30,V3,GH020073,17:38,10:12,Zanclus,cornutus,Zanclus cornutus,2,0,Others,
2023,Lucero,30,V3,GH020073,17:38,10:56,Scarus,dimidiatus,Scarus dimidiatus,2,0,Others,
2023,Lucero,30,V3,GH020073,17:38,15:54,Chlorurus,spilurus,Chlorurus spilurus,1,61,Others,
2023,Lucero,30,V3,GH030073,17:38,0:31,Chaetodon,lunulatus,Chaetodon lunulatus,2,0,Others,
2023,Lucero,30,V3,GH030073,17:38,1:15,Oxycheilinus,digramma,Oxycheilinus digramma,1,0,Others,
2023,Lucero,30,V3,GH030073,17:38,2:39,Acanthurus,nigrofuscus,Acanthurus nigrofuscus,3,19,Others,
2023,Lucero,30,V3,GH030073,17:38,4:04,Chlorurus,spilurus,Chlorurus spilurus,1,0,Others,
2023,Lucero,30,V3,GH030073,17:38,6:10,Naso,unicornis,Naso unicornis,2,0,Browser,
2023,Lucero,30,V3,GH030073,17:38,7:24,Forcipiger,longirostris,Forcipiger longirostris,1,0,Others,
2023,Lucero,30,V3,GH030073,17:38,8:02,Zanclus,cornutus,Zanclus cornutus,1,0,Others,
2023,Lucero,30,V3,GH030073,17:38,10:39,Chaetodon,kleinii,Chaetodon kleinii,1,0,Others,
2023,Lucero,30,V3,GH030073,17:38,12:52,Parupeneus,multifasciatus,Parupeneus multifasciatus,1,0,Others,
2023,Lucero,30,V3,GH030073,17:38,13:15,Forcipiger,longirostris,Forcipiger longirostris,2,0,Others,
2023,Lucero,30,V3,GH030073,17:38,14:21,Parupeneus,barberinoides,Parupeneus barberinoides,1,0,Others,
2023,Lucero,30,V3,GH040073,17:39,2:59,Genicanthus,melanospilus,Genicanthus melanospilus,1,0,Others,
2023,Lucero,30,V3,GH040073,17:39,6:06,Acanthurus,nigrofuscus,Acanthurus nigrofuscus,3,5,Others,
2023,Lucero,30,V3,GH040073,17:39,16:07,Balistoides,conspicillum,Balistoides conspicillum,1,0,Others,
2023,Lucero,30,V3,GH040073,17:39,16:50,Zanclus,cornutus,Zanclus cornutus,1,0,Others,
2023,Lucero,30,V3,GH040073,17:39,17:08,Chaetodon,kleinii,Chaetodon kleinii,1,0,Others,
2023,Lucero,30,V3,GH050073,17:38,1:50,Coris,batuensis,Coris batuensis,1,0,Others,
2023,Lucero,30,V3,GH050073,17:38,5:05,Acanthurus,nigrofuscus,Acanthurus nigrofuscus,2,0,Others,
2023,Lucero,30,V3,GH050073,17:38,6:53,Scarus,ghobban,Scarus ghobban,1,1,Others,
2023,Lucero,30,V3,GH050073,17:38,7:38,Forcipiger,longirostris,Forcipiger longirostris,3,0,Others,
2023,Lucero,30,V3,GH050073,17:38,8:27,Chelinus,chlorourus,Chelinus chlorourus,1,0,Others,
2023,Lucero,30,V3,GH050073,17:38,10:08,Parupeneus,multifasciatus,Parupeneus multifasciatus,1,0,Others,
2023,Lucero,30,V3,GH060073,17:38,5:17,Sufflamen,bursa,Sufflamen bursa,1,0,Others,
2023,Lucero,30,V3,GH060073,17:38,6:04,Centropyge,vroliki,Centropyge vroliki,1,9,Others,
2023,Lucero,30,V3,GH060073,17:38,11:07,Oxycheilinus,digramma,Oxycheilinus digramma,1,0,Others,
2023,Lucero,30,V3,GH070073,17:38,3:10,Chlorurus,spilurus,Chlorurus spilurus,1,0,Others,
2023,Lucero,30,V3,GH070073,17:38,3:45,Oxycheilinus,digramma,Oxycheilinus digramma,1,0,Others,
2023,Lucero,30,V3,GH070073,17:38,5:04,Sufflamen,bursa,Sufflamen bursa,1,0,Others,
2023,Lucero,30,V3,GH070073,17:38,11:00,Zanclus,cornutus,Zanclus cornutus,1,0,Others,
2023,Lucero,30,V3,GH070073,17:38,12:46,Acanthurus,pyroferus,Acanthurus pyroferus,1,0,Others,
2023,Lucero,30,V3,GH070073,17:38,13:10,Parupeneus,multifasciatus,Parupeneus multifasciatus,1,0,Others,
2023,Lucero,30,V3,GH070073,17:38,13:31,Acanthurus,nigrofuscus,Acanthurus nigrofuscus,1,9,Others,
2023,Lucero,30,V3,GH070073,17:38,14:13,Chaetodon,kleinii,Chaetodon kleinii,1,0,Others,
2023,Lucero,30,V3,GH070073,17:38,16:00,Genicanthus,melanospilus,Genicanthus melanospilus,3,0,Others,
2023,Lucero,30,V3,GH080073,17:38,2:00,Coris,batuensis,Coris batuensis,1,0,Others,
2023,Lucero,30,V3,GH080073,17:38,4:44,Oxycheilinus,digramma,Oxycheilinus digramma,1,0,Others,
2023,Lucero,30,V3,GH080073,17:38,5:51,Genicanthus,melanospilus,Genicanthus melanospilus,1,0,Others,
2023,Lucero,30,V3,GH080073,17:38,9:50,Naso,unicornis,Naso unicornis,1,0,Browser,
2023,Lucero,30,V3,GH080073,17:38,12:00,Balistoides,conspicillum,Balistoides conspicillum,1,0,Others,
2023,Lucero,30,V3,GH080073,17:38,14:13,Chlorurus,spilurus,Chlorurus spilurus,1,0,Others,
2023,Lucero,30,V3,GH080073,17:38,14:31,Scarus,ghobban,Scarus ghobban,1,0,Others,
2023,Lucero,30,V3,GH080073,17:38,15:13,Acanthurus,nigrofuscus,Acanthurus nigrofuscus,1,0,Others,
2023,Lucero,30,V3,GH090073,17:38,3:05,Chaetodon,kleinii,Chaetodon kleinii,1,0,Others,
2023,Lucero,30,V3,GH090073,17:38,3:30,Arothron,nigropunctatus,Arothron nigropunctatus,1,0,Others,
2023,Lucero,30,V3,GH090073,17:38,4:50,Centropyge,tibicen,Centropyge tibicen,1,0,Others,
2023,Lucero,30,V3,GH090073,17:38,9:57,Sufflamen,bursa,Sufflamen bursa,1,0,Others,
2023,Lucero,30,V3,GH090073,17:38,10:32,Acanthurus,nigrofuscus,Acanthurus nigrofuscus,2,0,Others,
2023,Lucero,30,V3,GH090073,17:38,14:00,Scarus,ghobban,Scarus ghobban,1,3,Others,
2023,Lucero,30,V3,GH090073,17:38,14:52,Chlorurus,spilurus,Chlorurus spilurus,1,0,Others,
2023,Lucero,30,V3,GH090073,17:38,17:12,Chlorurus,spilurus,Chlorurus spilurus,1,0,Others,
2023,Lucero,30,V3,GH100073,17:38,1:00,Chlorurus,spilurus,Chlorurus spilurus,1,11,Others,
2023,Lucero,30,V3,GH100073,17:38,1:00,Acanthurus,pyroferus,Acanthurus pyroferus,1,9,Others,
2023,Lucero,30,V3,GH100073,17:38,2:47,Chaetodon,kleinii,Chaetodon kleinii,1,0,Others,
2023,Lucero,30,V3,GH100073,17:38,5:23,Centropyge,vroliki,Centropyge vroliki,2,20,Others,
2023,Lucero,30,V3,GH100073,17:38,6:00,Chaetodon,speculum,Chaetodon speculum,2,0,Others,
2023,Lucero,30,V3,GH100073,17:38,9:19,Zanclus,cornutus,Zanclus cornutus,2,0,Others,
2023,Lucero,30,V3,GH100073,17:38,9:45,Siganus,doliatus,Siganus doliatus,2,1,Browser,
2023,Lucero,30,V3,GH100073,17:38,9:45,Acanthurus,pyroferus,Acanthurus pyroferus,2,0,Others,
2023,Lucero,30,V3,GH100073,17:38,9:45,Chlorurus,spilurus,Chlorurus spilurus,1,2,Others,
2023,Lucero,30,V3,GH100073,17:38,10:03,Scarus,ghobban,Scarus ghobban,1,0,Others,
2023,Lucero,30,V3,GH100073,17:38,10:38,Genicanthus,melanospilus,Genicanthus melanospilus,1,0,Others,
2023,Lucero,30,V3,GH100073,17:38,11:15,Chaetodon,kleinii,Chaetodon kleinii,1,0,Others,
2023,Lucero,30,V3,GH100073,17:38,13:00,Acanthurus,nigrofuscus,Acanthurus nigrofuscus,1,0,Others,
2023,Lucero,30,V3,GH100073,17:38,14:54,Acanthurus,pyroferus,Acanthurus pyroferus,1,0,Others,
2023,Lucero,30,V3,GH100073,17:38,15:50,Centropyge,tibicen,Centropyge tibicen,1,0,Others,
2023,Lucero,30,V3,GH100073,17:38,16:23,Sufflamen,bursa,Sufflamen bursa,1,0,Others,
2023,Lucero,30,V3,GH110073,17:38,1:26,Zanclus,cornutus,Zanclus cornutus,1,0,Others,
2023,Lucero,30,V3,GH110073,17:38,1:52,Acanthurus,pyroferus,Acanthurus pyroferus,1,0,Others,
2023,Lucero,30,V3,GH110073,17:38,2:09,Siganus,doliatus,Siganus doliatus,2,0,Browser,
2023,Lucero,30,V3,GH110073,17:38,2:09,Acanthurus,pyroferus,Acanthurus pyroferus,1,0,Others,
2023,Lucero,30,V3,GH110073,17:38,2:39,Chaetodon,kleinii,Chaetodon kleinii,1,0,Others,
2023,Lucero,30,V3,GH110073,17:38,3:21,Acanthurus,nigrofuscus,Acanthurus nigrofuscus,4,27,Others,
2023,Lucero,30,V3,GH110073,17:38,4:49,Chaetodon,mertensii,Chaetodon mertensii,1,0,Others,
2023,Lucero,30,V3,GH110073,17:38,6:15,Chaetodon,kleinii,Chaetodon kleinii,1,0,Others,
2023,Lucero,30,V3,GH110073,17:38,7:39,Chlorurus,spilurus,Chlorurus spilurus,1,0,Others,
2023,Lucero,30,V3,GH110073,17:38,10:47,Forcipiger,longirostris,Forcipiger longirostris,2,0,Others,
2023,Lucero,30,V3,GH110073,17:38,11:48,Genicanthus,melanospilus,Genicanthus melanospilus,2,0,Others,
2023,Lucero,30,V3,GH110073,17:38,12:02,Acanthurus,nigrofuscus,Acanthurus nigrofuscus,1,9,Others,
2023,Lucero,30,V3,GH110073,17:38,12:35,Acanthurus,pyroferus,Acanthurus pyroferus,1,0,Others,
2023,Lucero,30,V3,GH110073,17:38,12:35,Acanthurus,nigrofuscus,Acanthurus nigrofuscus,2,11,Others,
2023,Lucero,30,V3,GH110073,17:38,13:12,Chaetodon,kleinii,Chaetodon kleinii,1,0,Others,
2023,Lucero,30,V3,GH110073,17:38,15:02,Genicanthus,melanospilus,Genicanthus melanospilus,3,0,Others,
2023,Lucero,30,V3,GH110073,17:38,15:38,Oxycheilinus,digramma,Oxycheilinus digramma,1,0,Others,
2023,Lucero,30,V3,GH110073,17:38,16:16,Acanthurus,pyroferus,Acanthurus pyroferus,1,0,Others,
2023,Lucero,30,V3,GH110073,17:38,16:16,Acanthurus,nigrofuscus,Acanthurus nigrofuscus,2,0,Others,
2023,Lucero,30,V3,GH120073,17:38,0:54,Pygoplites,diacanthus,Pygoplites diacanthus,1,0,Others,
2023,Lucero,30,V3,GH120073,17:38,1:32,Chaetodon,kleinii,Chaetodon kleinii,1,0,Others,
2023,Lucero,30,V3,GH120073,17:38,2:47,Sufflamen,bursa,Sufflamen bursa,1,0,Others,
2023,Lucero,30,V3,GH120073,17:38,3:03,Canthigaster,papua,Canthigaster papua,1,0,Others,
2023,Lucero,30,V3,GH120073,17:38,4:30,Genicanthus,melanospilus,Genicanthus melanospilus,1,0,Others,
2023,Lucero,30,V3,GH120073,17:38,4:55,Chlorurus,spilurus,Chlorurus spilurus,1,0,Others,
2023,Lucero,30,V3,GH120073,17:38,5:22,Genicanthus,melanospilus,Genicanthus melanospilus,2,0,Others,
2023,Lucero,30,V3,GH120073,17:38,7:08,Parupeneus,multifasciatus,Parupeneus multifasciatus,1,0,Others,
2023,Lucero,30,V3,GH120073,17:38,7:37,Acanthurus,nigrofuscus,Acanthurus nigrofuscus,3,10,Others,
2023,Lucero,30,V3,GH120073,17:38,12:57,Acanthurus,pyroferus,Acanthurus pyroferus,1,0,Others,
2023,Lucero,30,V3,GH120073,17:38,13:59,Chaetodon,kleinii,Chaetodon kleinii,2,0,Others,
2023,Lucero,30,V3,GH120073,17:38,16:32,Acanthurus,pyroferus,Acanthurus pyroferus,1,0,Others,
2023,Lucero,30,V3,GH120073,17:38,16:43,Siganus,doliatus,Siganus doliatus,2,6,Browser,
2023,Lucero,30,V3,GH120073,17:38,17:20,Acanthurus,nigrofuscus,Acanthurus nigrofuscus,1,0,Others,
2023,Lucero,30,V3,GH130073,17:38,0:19,Acanthurus,pyroferus,Acanthurus pyroferus,1,0,Others,
2023,Lucero,30,V3,GH130073,17:38,1:05,Chlorurus,spilurus,Chlorurus spilurus,1,0,Others,
2023,Lucero,30,V3,GH130073,17:38,2:28,Balistoides,conspicillum,Balistoides conspicillum,1,0,Others,
2023,Lucero,30,V3,GH130073,17:38,2:50,Acanthurus,pyroferus,Acanthurus pyroferus,3,0,Others,
2023,Lucero,30,V3,GH130073,17:38,4:33,Forcipiger,longirostris,Forcipiger longirostris,1,0,Others,
2023,Lucero,30,V3,GH130073,17:38,5:07,Chaetodon,lunulatus,Chaetodon lunulatus,2,0,Others,
2023,Lucero,30,V3,GH130073,17:38,5:25,Cheilinus,chlorourus,Cheilinus chlorourus,2,0,Others,
2023,Lucero,30,V3,GH130073,17:38,5:50,Centropyge,vroliki,Centropyge vroliki,1,0,Others,
2023,Lucero,30,V3,GH130073,17:38,6:07,Chlorurus,spilurus,Chlorurus spilurus,1,0,Others,
2023,Lucero,30,V3,GH130073,17:38,7:04,Arothron,nigropunctatus,Arothron nigropunctatus,1,0,Others,
2023,Lucero,30,V3,GH130073,17:38,8:00,Acanthurus,nigrofuscus,Acanthurus nigrofuscus,1,0,Others,
2023,Lucero,30,V3,GH130073,17:38,8:31,Chaetodon,mertensii,Chaetodon mertensii,1,0,Others,
2023,Lucero,30,V3,GH130073,17:38,8:49,Ostracion,cubicus,Ostracion cubicus,1,0,Others,
2023,Lucero,30,V3,GH130073,17:38,10:01,Parupeneus,multifasciatus,Parupeneus multifasciatus,2,0,Others,
2023,Lucero,30,V3,GH130073,17:38,10:51,Acanthurus,nigrofuscus,Acanthurus nigrofuscus,1,0,Others,
2023,Lucero,30,V3,GH130073,17:38,11:50,Arothron,nigropunctatus,Arothron nigropunctatus,1,0,Others,
2023,Lucero,30,V3,GH130073,17:38,13:10,Centropyge,vroliki,Centropyge vroliki,1,0,Others,
2023,Lucero,30,V3,GH130073,17:38,14:07,Ostracion,cubicus,Ostracion cubicus,1,0,Others,
2023,Lucero,30,V3,GH130073,17:38,14:22,Forcipiger,longirostris,Forcipiger longirostris,1,0,Others,
2023,Lucero,30,V3,GH130073,17:38,15:19,Parupeneus,multifasciatus,Parupeneus multifasciatus,1,0,Others,
2023,Lucero,30,V3,GH130073,17:38,16:28,Chlorurus,spilurus,Chlorurus spilurus,1,5,Others,
2023,Lucero,30,V3,GH130073,17:38,16:43,Acanthurus,nigrofuscus,Acanthurus nigrofuscus,1,23,Others,
2023,Lucero,30,V3,GH140073,17:38,0:36,Centropyge,tibicen,Centropyge tibicen,1,0,Others,
2023,Lucero,30,V3,GH140073,17:38,2:26,Sufflamen,bursa,Sufflamen bursa,1,0,Others,
2023,Lucero,30,V3,GH140073,17:38,2:29,Lutjanus,decussatus,Lutjanus decussatus,1,0,Others,
2023,Lucero,30,V3,GH140073,17:38,4:41,Chlorurus,spilurus,Chlorurus spilurus,1,0,Others,
2023,Lucero,30,V3,GH140073,17:38,5:36,Acanthurus,pyroferus,Acanthurus pyroferus,1,3,Others,
2023,Lucero,30,V3,GH140073,17:38,7:22,Platax,teira,Platax teira,1,0,Browser,
2023,Lucero,30,V3,GH140073,17:38,9:35,Coris,batuensis,Coris batuensis,1,0,Others,
2023,Lucero,30,V3,GH140073,17:38,12:41,Acanthurus,pyroferus,Acanthurus pyroferus,1,0,Others,
2023,Lucero,30,V3,GH140073,17:38,13:18,Acanthurus,nigrofuscus,Acanthurus nigrofuscus,2,0,Others,
2023,Lucero,30,V3,GH140073,17:38,14:33,Genicanthus,melanospilus,Genicanthus melanospilus,1,0,Others,
2023,Lucero,30,V3,GH140073,17:38,15:07,Oxycheilinus,digramma,Oxycheilinus digramma,1,0,Others,
2023,Lucero,30,V3,GH140073,17:38,15:42,Chlorurus,spilurus,Chlorurus spilurus,1,0,Others,
2023,Lucero,30,V3,GH140073,17:38,16:07,Acanthurus,nigrofuscus,Acanthurus nigrofuscus,2,0,Others,
2023,Lucero,30,V3,GH140073,17:38,16:20,Acanthurus,pyroferus,Acanthurus pyroferus,1,0,Others,
2023,Lucero,30,V3,GH140073,17:38,16:20,Naso,caeruleacauda,Naso caeruleacauda,1,0,Others,
2023,Lucero,30,V3,GH140073,17:38,16:41,Chlorurus,spilurus,Chlorurus spilurus,1,0,Others,
2023,Lucero,30,V3,GH150073,2:49,0:19,Chaetodon,kleinii,Chaetodon kleinii,1,0,Others,
2023,Lucero,30,V3,GH150073,2:49,0:54,Zanclus,cornutus,Zanclus cornutus,1,0,Others,
2023,Lucero,30,V3,GH150073,2:49,1:49,Acanthurus,nigrofuscus,Acanthurus nigrofuscus,1,2,Others,
2023,Lucero,50,V1,GH010076,16:28,2:18,Carangoides,ferdau,Carangoides ferdau,3,0,Others,
2023,Lucero,50,V1,GH010076,16:28,15:47,Naso,unicornis,Naso unicornis,1,48,Browser,
2023,Lucero,50,V1,GH020076,17:38,10:36,Naso,unicornis,Naso unicornis,1,43,Browser,
2023,Lucero,50,V1,GH030076,17:38,5:43,Naso,unicornis,Naso unicornis,1,24,Browser,
2023,Lucero,50,V1,GH040076,17:38,6:29,Naso,unicornis,Naso unicornis,1,17,Browser,
2023,Lucero,50,V1,GH040076,17:38,12:22,Lethrinus,olivaceus,Lethrinus olivaceus,1,0,Others,
2023,Lucero,50,V1,GH040076,17:38,12:22,Carangoides,ferdau,Carangoides ferdau,4,0,Others,
2023,Lucero,50,V1,GH050076,17:38,3:02,Naso,unicornis,Naso unicornis,1,11,Browser,
2023,Lucero,50,V1,GH050076,17:38,12:41,Carangoides,ferdau,Carangoides ferdau,1,0,Others,
2023,Lucero,50,V1,GH060076,17:38,4:21,Naso,unicornis,Naso unicornis,1,42,Browser,
2023,Lucero,50,V1,GH070076,17:39,10:16,Naso,unicornis,Naso unicornis,1,7,Browser,
2023,Lucero,50,V1,GH080076,17:38,15:36,Naso,unicornis,Naso unicornis,1,3,Browser,
2023,Lucero,50,V1,GH090076,5:04,-,-,-,- -,-,0,None,
2023,Lucero,50,V2,GH010076,10:07,9:14,Lutjanus,olivaceus,Lutjanus olivaceus,1,0,Others,
2023,Lucero,50,V2,GH020076,11:47,-,-,-,- -,-,0,None,
2023,Lucero,50,V2,GH030076,11:47,-,-,-,- -,-,0,None,
2023,Lucero,50,V2,GH040076,11:47,-,-,-,- -,-,0,None,
2023,Lucero,50,V2,GH050076,11:47,-,-,-,- -,-,0,None,
2023,Lucero,50,V2,GH060076,11:47,2:10,Lutjanus,olivaceus,Lutjanus olivaceus,1,0,Others,
2023,Lucero,50,V2,GH070076,11:47,-,-,-,- -,-,0,None,
2023,Lucero,50,V2,GH080076,11:47,-,-,-,- -,-,0,None,
2023,Lucero,50,V2,GH090076,11:47,-,-,-,- -,-,0,None,
2023,Lucero,50,V2,GH100076,11:47,2:58,Carangoides,ferdau,Carangoides ferdau,1,0,Others,
2023,Lucero,50,V2,GH110076,11:47,0:23,Carangoides,ferdau,Carangoides ferdau,3,0,Others,
2023,Lucero,50,V2,GH110076,11:47,4:14,Parupeneus,multifasciatus,Parupeneus multifasciatus,1,0,Others,
2023,Lucero,50,V2,GH120076,11:47,-,-,-,- -,-,0,None,
2023,Lucero,50,V2,GH130076,5:47,4:38,Caranx,sexfasciatus,Caranx sexfasciatus,1,0,Others,
2023,Lucero,50,V3,GH010101,14:13,8:59,Mullodichthys,flavolineatus,Mullodichthys flavolineatus,1,0,Others,
2023,Lucero,50,V3,GH010101,14:13,9:40,Scolopsis,ciliatus,Scolopsis ciliatus,1,0,Others,
2023,Lucero,50,V3,GH020101,17:38,-,-,-,- -,-,0,None,
2023,Lucero,50,V3,GH030101,17:38,-,-,-,- -,-,0,None,
2023,Lucero,50,V3,GH040101,17:39,16:30,Scolopsis,ciliatus,Scolopsis ciliatus,1,0,Others,
2023,Lucero,50,V3,GH050101,17:39,9:40,Naso,unicornis,Naso unicornis,2,0,Browser,
2023,Lucero,50,V3,GH060101,17:39,2:13,Scolopsis,ciliatus,Scolopsis ciliatus,1,0,Others,
2023,Lucero,50,V3,GH060101,17:39,6:38,Parupeneus,multifasciatus,Parupeneus multifasciatus,4,0,Others,
2023,Lucero,50,V3,GH060101,17:39,7:11,Carangoides,ferdau,Carangoides ferdau,2,0,Others,
2023,Lucero,50,V3,GH060101,17:39,17:38,Lethrinus,olivaceus,Lethrinus olivaceus,1,0,Others,
2023,Lucero,50,V3,GH070101,17:38,3:13,Parupeneus,multifasciatus,Parupeneus multifasciatus,1,0,Others,
2023,Lucero,50,V3,GH070101,17:38,5:15,Scolopsis,ciliatus,Scolopsis ciliatus,1,0,Others,
2023,Lucero,50,V3,GH070101,17:38,11:42,Parupeneus,multifasciatus,Parupeneus multifasciatus,1,0,Others,
2023,Lucero,50,V3,GH070101,17:38,12:27,Parupeneus,multifasciatus,Parupeneus multifasciatus,2,0,Others,
2023,Lucero,50,V3,GH080101,17:39,0:05,Parupeneus,multifasciatus,Parupeneus multifasciatus,2,0,Others,
2023,Lucero,50,V3,GH080101,17:39,8:17,Scolopsis,ciliatus,Scolopsis ciliatus,1,0,Others,
2023,Lucero,50,V3,GH090101,7:26,8:47,Scolopsis,ciliatus,Scolopsis ciliatus,1,0,Others,
2023,Silaki,10,V1,GH010094,17:38,1:10,Acanthurus,nigrofuscus,Acanthurus nigrofuscus,2,0,Others,
2023,Silaki,10,V1,GH010094,17:38,2:16,Cheilinus,chlorourus,Cheilinus chlorourus,1,0,Others,
2023,Silaki,10,V1,GH010094,17:38,3:05,Acanthurus,nigrofuscus,Acanthurus nigrofuscus,1,0,Others,
2023,Silaki,10,V1,GH010094,17:38,3:05,Cephalopholis,urodeta,Cephalopholis urodeta,1,0,Others,
2023,Silaki,10,V1,GH010094,17:38,3:05,Ctenochaetus,striatus,Ctenochaetus striatus,1,0,Others,
2023,Silaki,10,V1,GH010094,17:38,3:59,Chaetodon,kleinii,Chaetodon kleinii,1,0,Others,
2023,Silaki,10,V1,GH010094,17:38,5:02,Zanclus,cornutus,Zanclus cornutus,1,0,Others,
2023,Silaki,10,V1,GH010094,17:38,5:40,Parupeneus,multifasciatus,Parupeneus multifasciatus,1,0,Others,
2023,Silaki,10,V1,GH010094,17:38,6:16,Cephalopholis,urodeta,Cephalopholis urodeta,1,0,Others,
2023,Silaki,10,V1,GH010094,17:38,6:22,Chaetodon,xanthurus,Chaetodon xanthurus,1,0,Others,
2023,Silaki,10,V1,GH010094,17:38,7:00,Ctenochaetus,striatus,Ctenochaetus striatus,1,0,Others,
2023,Silaki,10,V1,GH010094,17:38,7:00,Acanthurus,nigrofuscus,Acanthurus nigrofuscus,1,0,Others,
2023,Silaki,10,V1,GH010094,17:38,8:44,Siganus,guttatus,Siganus guttatus,1,0,Others,
2023,Silaki,10,V1,GH010094,17:38,11:15,Ctenochaetus,striatus,Ctenochaetus striatus,1,0,Others,
2023,Silaki,10,V1,GH010094,17:38,12:38,Stethojulis,bandanensis,Stethojulis bandanensis,1,0,Others,
2023,Silaki,10,V1,GH010094,17:38,12:58,Acanthurus,nigrofuscus,Acanthurus nigrofuscus,1,0,Others,
2023,Silaki,10,V1,GH010094,17:38,13:16,Cheilinus,chlorourus,Cheilinus chlorourus,1,0,Others,
2023,Silaki,10,V1,GH010094,17:38,13:16,Parupeneus,multifasciatus,Parupeneus multifasciatus,1,0,Others,
2023,Silaki,10,V1,GH010094,17:38,14:18,Ctenochaetus,striatus,Ctenochaetus striatus,4,0,Others,
2023,Silaki,10,V1,GH010094,17:38,17:34,Naso,lituratus,Naso lituratus,1,0,Browser,
2023,Silaki,10,V1,GH010094,17:38,17:34,Siganus,javus,Siganus javus,1,0,Browser,
2023,Silaki,10,V1,GH010094,17:38,17:34,Chaetodon,kleinii,Chaetodon kleinii,1,0,Others,
2023,Silaki,10,V1,GH020094,17:38,0:01,Cheilinus,chlorourus,Cheilinus chlorourus,1,0,Others,
2023,Silaki,10,V1,GH020094,17:38,0:05,Centropyge,vroliki,Centropyge vroliki,1,0,Others,
2023,Silaki,10,V1,GH020094,17:38,0:05,Hemigymnus,fasciatus,Hemigymnus fasciatus,2,0,Others,
2023,Silaki,10,V1,GH020094,17:38,0:07,Siganus,javus,Siganus javus,1,0,Browser,
2023,Silaki,10,V1,GH020094,17:38,0:07,Chlorurus,spilurus,Chlorurus spilurus,1,0,Others,
2023,Silaki,10,V1,GH020094,17:38,0:20,Naso,lituratus,Naso lituratus,1,0,Browser,
2023,Silaki,10,V1,GH020094,17:38,0:27,Chlorurus,spilurus,Chlorurus spilurus,1,0,Others,
2023,Silaki,10,V1,GH020094,17:38,0:42,Naso,lituratus,Naso lituratus,1,54,Browser,
2023,Silaki,10,V1,GH020094,17:38,0:42,Parupeneus,multifasciatus,Parupeneus multifasciatus,1,0,Others,
2023,Silaki,10,V1,GH020094,17:38,3:17,Lutjanus,decussatus,Lutjanus decussatus,1,0,Others,
2023,Silaki,10,V1,GH020094,17:38,4:00,Centropyge,vroliki,Centropyge vroliki,1,0,Others,
2023,Silaki,10,V1,GH020094,17:38,4:51,Naso,lituratus,Naso lituratus,1,0,Browser,
2023,Silaki,10,V1,GH020094,17:38,4:51,Acanthurus,nigrofuscus,Acanthurus nigrofuscus,2,0,Others,
2023,Silaki,10,V1,GH020094,17:38,5:26,Cephalopholis,urodeta,Cephalopholis urodeta,1,0,Others,
2023,Silaki,10,V1,GH020094,17:38,6:29,Naso,lituratus,Naso lituratus,2,3,Browser,
2023,Silaki,10,V1,GH020094,17:38,7:11,Ctenochaetus,striatus,Ctenochaetus striatus,2,0,Others,
2023,Silaki,10,V1,GH020094,17:38,8:15,Chlorurus,spilurus,Chlorurus spilurus,1,0,Others,
2023,Silaki,10,V1,GH020094,17:38,8:36,Dascyllus,trimaculatus,Dascyllus trimaculatus,1,0,Others,
2023,Silaki,10,V1,GH020094,17:38,10:05,Centropyge,vroliki,Centropyge vroliki,1,0,Others,
2023,Silaki,10,V1,GH020094,17:38,10:36,Cheilinus,chlorourus,Cheilinus chlorourus,1,0,Others,
2023,Silaki,10,V1,GH020094,17:38,10:36,Acanthurus,nigrofuscus,Acanthurus nigrofuscus,1,0,Others,
2023,Silaki,10,V1,GH020094,17:38,11:46,Stethojulis,bandanensis,Stethojulis bandanensis,1,0,Others,
2023,Silaki,10,V1,GH020094,17:38,12:19,Naso,lituratus,Naso lituratus,2,0,Browser,
2023,Silaki,10,V1,GH020094,17:38,12:19,Acanthurus,nigrofuscus,Acanthurus nigrofuscus,2,0,Others,
2023,Silaki,10,V1,GH020094,17:38,12:43,Chlorurus,bleekeri,Chlorurus bleekeri,1,0,Others,
2023,Silaki,10,V1,GH020094,17:38,13:01,Cheilinus,chlorourus,Cheilinus chlorourus,1,0,Others,
2023,Silaki,10,V1,GH020094,17:38,13:39,Naso,lituratus,Naso lituratus,2,9,Browser,
2023,Silaki,10,V1,GH020094,17:38,14:24,Parupeneus,multifasciatus,Parupeneus multifasciatus,1,0,Others,
2023,Silaki,10,V1,GH020094,17:38,14:37,Centropyge,vroliki,Centropyge vroliki,1,0,Others,
2023,Silaki,10,V1,GH020094,17:38,16:14,Acanthurus,nigrofuscus,Acanthurus nigrofuscus,1,0,Others,
2023,Silaki,10,V1,GH020094,17:38,16:29,Melichthys,vidua,Melichthys vidua,1,0,Browser,
2023,Silaki,10,V1,GH020094,17:38,16:29,Siganus,javus,Siganus javus,1,0,Browser,
2023,Silaki,10,V1,GH030094,17:39,0:42,Parupeneus,multifasciatus,Parupeneus multifasciatus,1,0,Others,
2023,Silaki,10,V1,GH030094,17:39,1:43,Melichthys,vidua,Melichthys vidua,1,0,Browser,
2023,Silaki,10,V1,GH030094,17:39,2:10,Chlorurus,bowersi,Chlorurus bowersi,1,0,Others,
2023,Silaki,10,V1,GH030094,17:39,2:59,Ctenochaetus,striatus,Ctenochaetus striatus,1,0,Others,
2023,Silaki,10,V1,GH030094,17:39,3:45,Acanthurus,nigrofuscus,Acanthurus nigrofuscus,1,0,Others,
2023,Silaki,10,V1,GH030094,17:39,4:08,Cheilinus,chlorourus,Cheilinus chlorourus,1,0,Others,
2023,Silaki,10,V1,GH030094,17:39,4:28,Naso,lituratus,Naso lituratus,2,7,Browser,
2023,Silaki,10,V1,GH030094,17:39,4:44,Acanthurus,nigrofuscus,Acanthurus nigrofuscus,1,68,Others,
2023,Silaki,10,V1,GH030094,17:39,4:44,Siganus,javus,Siganus javus,1,0,Browser,
2023,Silaki,10,V1,GH030094,17:39,5:45,Centropyge,vroliki,Centropyge vroliki,1,0,Others,
2023,Silaki,10,V1,GH030094,17:39,6:12,Chaetodon,melannotus,Chaetodon melannotus,1,0,Others,
2023,Silaki,10,V1,GH030094,17:39,6:40,Naso,lituratus,Naso lituratus,1,3,Browser,
2023,Silaki,10,V1,GH030094,17:39,6:40,Acanthurus,nigrofuscus,Acanthurus nigrofuscus,1,0,Others,
2023,Silaki,10,V1,GH030094,17:39,6:49,Naso,lituratus,Naso lituratus,1,70,Browser,
2023,Silaki,10,V1,GH030094,17:39,8:32,Chlorurus,spilurus,Chlorurus spilurus,1,0,Others,
2023,Silaki,10,V1,GH030094,17:39,8:47,Chlorurus,bowersi,Chlorurus bowersi,1,0,Others,
2023,Silaki,10,V1,GH030094,17:39,8:47,Siganus,javus,Siganus javus,1,0,Browser,
2023,Silaki,10,V1,GH030094,17:39,8:56,Naso,lituratus,Naso lituratus,1,23,Browser,
2023,Silaki,10,V1,GH030094,17:39,8:58,Acanthurus,nigrofuscus,Acanthurus nigrofuscus,1,19,Others,
2023,Silaki,10,V1,GH030094,17:39,9:40,Lutjanus,decussatus,Lutjanus decussatus,1,0,Others,
2023,Silaki,10,V1,GH030094,17:39,11:32,Naso,lituratus,Naso lituratus,2,5,Browser,
2023,Silaki,10,V1,GH030094,17:39,12:37,Acanthurus,nigrofuscus,Acanthurus nigrofuscus,2,0,Others,
2023,Silaki,10,V1,GH030094,17:39,15:30,Ctenochaetus,striatus,Ctenochaetus striatus,1,0,Others,
2023,Silaki,10,V1,GH030094,17:39,15:39,Chaetodon,auriga,Chaetodon auriga,1,0,Others,
2023,Silaki,10,V1,GH040094,17:39,1:27,Melichthys,vidua,Melichthys vidua,1,0,Browser,
2023,Silaki,10,V1,GH040094,17:39,1:27,Parupeneus,multifasciatus,Parupeneus multifasciatus,1,0,Others,
2023,Silaki,10,V1,GH040094,17:39,1:31,Chlorurus,bowersi,Chlorurus bowersi,1,0,Others,
2023,Silaki,10,V1,GH040094,17:39,2:11,Acanthurus,nigrofuscus,Acanthurus nigrofuscus,1,0,Others,
2023,Silaki,10,V1,GH040094,17:39,2:11,Cephalopholis,urodeta,Cephalopholis urodeta,1,0,Others,
2023,Silaki,10,V1,GH040094,17:39,3:02,Siganus,guttatus,Siganus guttatus,1,0,Others,
2023,Silaki,10,V1,GH040094,17:39,3:22,Naso,lituratus,Naso lituratus,2,2,Browser,
2023,Silaki,10,V1,GH040094,17:39,4:44,Naso,lituratus,Naso lituratus,1,14,Browser,
2023,Silaki,10,V1,GH040094,17:39,5:06,Acanthurus,nigrofuscus,Acanthurus nigrofuscus,2,0,Others,
2023,Silaki,10,V1,GH040094,17:39,6:34,Melichthys,vidua,Melichthys vidua,1,0,Browser,
2023,Silaki,10,V1,GH040094,17:39,7:10,Acanthurus,nigrofuscus,Acanthurus nigrofuscus,1,4,Others,
2023,Silaki,10,V1,GH040094,17:39,7:22,Lutjanus,decussatus,Lutjanus decussatus,1,0,Others,
2023,Silaki,10,V1,GH040094,17:39,7:58,Melichthys,vidua,Melichthys vidua,1,0,Browser,
2023,Silaki,10,V1,GH040094,17:39,8:33,Naso,lituratus,Naso lituratus,1,13,Browser,
2023,Silaki,10,V1,GH040094,17:39,9:47,Thalassoma,hardwicke,Thalassoma hardwicke,2,0,Others,
2023,Silaki,10,V1,GH040094,17:39,10:48,Cheilinus,chlorourus,Cheilinus chlorourus,1,0,Others, 
2023,Silaki,10,V1,GH040094,17:39,11:04,Ctenochaetus,striatus,Ctenochaetus striatus,1,0,Others,
2023,Silaki,10,V1,GH040094,17:39,11:16,Naso,lituratus,Naso lituratus,1,7,Browser,
2023,Silaki,10,V1,GH040094,17:39,11:41,Siganus,javus,Siganus javus,1,0,Browser,
2023,Silaki,10,V1,GH040094,17:39,11:41,Parupeneus,multifasciatus,Parupeneus multifasciatus,1,0,Others,
2023,Silaki,10,V1,GH040094,17:39,12:00,Chaetodon,citrinellus,Chaetodon citrinellus,1,0,Others,
2023,Silaki,10,V1,GH040094,17:39,12:24,Acanthurus,nigrofuscus,Acanthurus nigrofuscus,1,0,Others,
2023,Silaki,10,V1,GH040094,17:39,13:27,Scarus,rivulatus,Scarus rivulatus,1,0,Others,
2023,Silaki,10,V1,GH040094,17:39,15:49,Naso,lituratus,Naso lituratus,1,0,Browser,
2023,Silaki,10,V1,GH040094,17:39,16:14,Siganus,javus,Siganus javus,1,0,Browser,
2023,Silaki,10,V1,GH040094,17:39,16:52,Melichthys,vidua,Melichthys vidua,1,0,Browser,
2023,Silaki,10,V1,GH050094,17:39,0:56,Naso,lituratus,Naso lituratus,1,4,Browser,
2023,Silaki,10,V1,GH050094,17:39,1:29,Chlorurus,spilurus,Chlorurus spilurus,1,0,Others,
2023,Silaki,10,V1,GH050094,17:39,1:52,Chaetodon,kleinii,Chaetodon kleinii,1,0,Others,
2023,Silaki,10,V1,GH050094,17:39,1:56,Siganus,fuscescens,Siganus fuscescens,2,0,Others,
2023,Silaki,10,V1,GH050094,17:39,2:02,Acanthurus,nigrofuscus,Acanthurus nigrofuscus,1,0,Others,
2023,Silaki,10,V1,GH050094,17:39,2:02,Ctenochaetus,striatus,Ctenochaetus striatus,1,0,Others,
2023,Silaki,10,V1,GH050094,17:39,5:25,Centropyge,vroliki,Centropyge vroliki,1,3,Others,
2023,Silaki,10,V1,GH050094,17:39,6:26,Melichthys,vidua,Melichthys vidua,1,0,Browser,
2023,Silaki,10,V1,GH050094,17:39,6:46,Acanthurus,nigrofuscus,Acanthurus nigrofuscus,2,0,Others,
2023,Silaki,10,V1,GH050094,17:39,8:00,Cheilinus,chlorourus,Cheilinus chlorourus,1,0,Others,
2023,Silaki,10,V1,GH050094,17:39,8:13,Parupeneus,multifasciatus,Parupeneus multifasciatus,1,0,Others,
2023,Silaki,10,V1,GH050094,17:39,8:33,Chlorurus,spilurus,Chlorurus spilurus,1,1,Others,
2023,Silaki,10,V1,GH050094,17:39,8:44,Siganus,javus,Siganus javus,1,0,Browser,
2023,Silaki,10,V1,GH050094,17:39,9:44,Parupeneus,multifasciatus,Parupeneus multifasciatus,1,0,Others,
2023,Silaki,10,V1,GH050094,17:39,10:16,Acanthurus,nigrofuscus,Acanthurus nigrofuscus,4,0,Others,
2023,Silaki,10,V1,GH050094,17:39,11:54,Cheilinus,chlorourus,Cheilinus chlorourus,1,0,Others,
2023,Silaki,10,V1,GH050094,17:39,12:00,Chlorurus,spilurus,Chlorurus spilurus,1,0,Others,
2023,Silaki,10,V1,GH050094,17:39,12:05,Acanthurus,nigrofuscus,Acanthurus nigrofuscus,2,10,Others,
2023,Silaki,10,V1,GH050094,17:39,15:02,Acanthurus,nigrofuscus,Acanthurus nigrofuscus,1,0,Others,
2023,Silaki,10,V1,GH050094,17:39,15:43,Ctenochaetus,striatus,Ctenochaetus striatus,2,0,Others,
2023,Silaki,10,V1,GH050094,17:39,16:10,Parupeneus,multifasciatus,Parupeneus multifasciatus,1,0,Others,
2023,Silaki,10,V1,GH050094,17:39,17:15,Chlorurus,bowersi,Chlorurus bowersi,1,0,Others,
2023,Silaki,10,V1,GH060094,17:38,2:20,Acanthurus,nigrofuscus,Acanthurus nigrofuscus,1,0,Others,
2023,Silaki,10,V1,GH060094,17:38,2:57,Chlorurus,spilurus,Chlorurus spilurus,1,0,Others,
2023,Silaki,10,V1,GH060094,17:38,2:57,Siganus,fuscescens,Siganus fuscescens,1,0,Others,
2023,Silaki,10,V1,GH060094,17:38,3:30,Naso,brachycentron,Naso brachycentron,1,0,Browser,
2023,Silaki,10,V1,GH060094,17:38,3:35,Chlorurus,spilurus,Chlorurus spilurus,1,0,Others,
2023,Silaki,10,V1,GH060094,17:38,4:30,Hipposcarus,longiceps,Hipposcarus longiceps,1,0,Others,
2023,Silaki,10,V1,GH060094,17:38,4:30,Naso,lituratus,Naso lituratus,1,1,Browser,
2023,Silaki,10,V1,GH060094,17:38,5:01,Naso,unicornis,Naso unicornis,1,0,Browser,
2023,Silaki,10,V1,GH060094,17:38,6:05,Acanthurus,nigrofuscus,Acanthurus nigrofuscus,2,0,Others,
2023,Silaki,10,V1,GH060094,17:38,6:38,Centropyge,vroliki,Centropyge vroliki,1,0,Others,
2023,Silaki,10,V1,GH060094,17:38,7:58,Acanthurus,nigrofuscus,Acanthurus nigrofuscus,1,0,Others,
2023,Silaki,10,V1,GH060094,17:38,8:13,Parupeneus,multifasciatus,Parupeneus multifasciatus,2,0,Others,
2023,Silaki,10,V1,GH060094,17:38,9:46,Dascyllus,trimaculatus,Dascyllus trimaculatus,1,0,Others,
2023,Silaki,10,V1,GH060094,17:38,10:17,Cheilinus,chlorourus,Cheilinus chlorourus,1,0,Others,
2023,Silaki,10,V1,GH060094,17:38,11:58,Melichthys,vidua,Melichthys vidua,1,0,Browser,
2023,Silaki,10,V1,GH060094,17:38,11:13,Naso,brachycentron,Naso brachycentron,2,0,Browser,
2023,Silaki,10,V1,GH060094,17:38,11:30,Naso,lituratus,Naso lituratus,1,0,Browser,
2023,Silaki,10,V1,GH060094,17:38,11:53,Parupeneus,multifasciatus,Parupeneus multifasciatus,1,0,Others,
2023,Silaki,10,V1,GH060094,17:38,13:17,Naso,unicornis,Naso unicornis,1,0,Browser,
2023,Silaki,10,V1,GH060094,17:38,14:24,Ctenochaetus,striatus,Ctenochaetus striatus,1,0,Others,
2023,Silaki,10,V1,GH060094,17:38,14:44,Cheilinus,chlorourus,Cheilinus chlorourus,1,0,Others,
2023,Silaki,10,V1,GH060094,17:38,16:02,Chlorurus,spilurus,Chlorurus spilurus,1,0,Others,
2023,Silaki,10,V1,GH060094,17:38,16:02,Acanthurus,nigrofuscus,Acanthurus nigrofuscus,3,0,Others,
2023,Silaki,10,V1,GH060094,17:38,16:02,Chlorurus,bowersi,Chlorurus bowersi,1,0,Others,
2023,Silaki,10,V1,GH060094,17:38,16:41,Parupeneus,multifasciatus,Parupeneus multifasciatus,1,0,Others,
2023,Silaki,10,V1,GH070094,17:39,0:27,Acanthurus,nigrofuscus,Acanthurus nigrofuscus,1,0,Others,
2023,Silaki,10,V1,GH070094,17:39,1:05,Parupeneus,multifasciatus,Parupeneus multifasciatus,1,0,Others,
2023,Silaki,10,V1,GH070094,17:39,5:05,Acanthurus,nigrofuscus,Acanthurus nigrofuscus,1,0,Others,
2023,Silaki,10,V1,GH070094,17:39,6:10,Acanthurus,nigrofuscus,Acanthurus nigrofuscus,3,0,Others,
2023,Silaki,10,V1,GH070094,17:39,6:47,Zanclus,cornutus,Zanclus cornutus,1,0,Others,
2023,Silaki,10,V1,GH070094,17:39,8:54,Parupeneus,multifasciatus,Parupeneus multifasciatus,1,0,Others,
2023,Silaki,10,V1,GH070094,17:39,9:20,Melichthys,vidua,Melichthys vidua,1,0,Browser,
2023,Silaki,10,V1,GH070094,17:39,9:43,Cheilinus,chlorourus,Cheilinus chlorourus,1,0,Others,
2023,Silaki,10,V1,GH070094,17:39,11:06,Melichthys,vidua,Melichthys vidua,1,0,Browser,
2023,Silaki,10,V1,GH070094,17:39,11:14,Thalassoma,hardwicke,Thalassoma hardwicke,1,0,Others,
2023,Silaki,10,V1,GH070094,17:39,11:34,Oxycheilinus,digramma,Oxycheilinus digramma,1,0,Others,
2023,Silaki,10,V1,GH070094,17:39,12:28,Chlorurus,spilurus,Chlorurus spilurus,1,0,Others,
2023,Silaki,10,V1,GH070094,17:39,12:52,Acanthurus,nigrofuscus,Acanthurus nigrofuscus,2,0,Others,
2023,Silaki,10,V1,GH070094,17:39,14:23,Naso,lituratus,Naso lituratus,1,5,Browser,
2023,Silaki,10,V1,GH080094,17:38,2:26,Cheilinus,chlorourus,Cheilinus chlorourus,1,0,Others,
2023,Silaki,10,V1,GH080094,17:38,3:01,Cheilinus,chlorourus,Cheilinus chlorourus,1,0,Others,
2023,Silaki,10,V1,GH080094,17:38,3:38,Acanthurus,nigrofuscus,Acanthurus nigrofuscus,1,0,Others,
2023,Silaki,10,V1,GH080094,17:38,3:53,Naso,lituratus,Naso lituratus,1,1,Browser,
2023,Silaki,10,V1,GH080094,17:38,4:30,Acanthurus,nigrofuscus,Acanthurus nigrofuscus,1,6,Others,
2023,Silaki,10,V1,GH080094,17:38,5:07,Parupeneus,multifasciatus,Parupeneus multifasciatus,1,0,Others,
2023,Silaki,10,V1,GH080094,17:38,6:32,Cheilinus,chlorourus,Cheilinus chlorourus,1,0,Others,
2023,Silaki,10,V1,GH080094,17:38,6:47,Lutjanus,decussatus,Lutjanus decussatus,1,0,Others,
2023,Silaki,10,V1,GH080094,17:38,6:54,Acanthurus,nigrofuscus,Acanthurus nigrofuscus,2,0,Others,
2023,Silaki,10,V1,GH080094,17:38,6:54,Sufflamen,chrysopterus,Sufflamen chrysopterus,1,0,Others,
2023,Silaki,10,V1,GH080094,17:38,7:46,Siganus,javus,Siganus javus,1,0,Browser,
2023,Silaki,10,V1,GH080094,17:38,8:00,Chaetodon,lunulatus,Chaetodon lunulatus,1,0,Others,
2023,Silaki,10,V1,GH080094,17:38,8:00,Melichthys,vidua,Melichthys vidua,1,0,Browser,
2023,Silaki,10,V1,GH080094,17:38,8:00,Cheilinus,chlorourus,Cheilinus chlorourus,1,0,Others,
2023,Silaki,10,V1,GH080094,17:38,8:57,Parupeneus,multifasciatus,Parupeneus multifasciatus,2,0,Others,
2023,Silaki,10,V1,GH080094,17:38,9:21,Sphyraenia,barracuda,Sphyraenia barracuda,1,0,Others,
2023,Silaki,10,V1,GH080094,17:38,10:23,Naso,lituratus,Naso lituratus,1,0,Browser,
2023,Silaki,10,V1,GH080094,17:38,10:25,Siganus,javus,Siganus javus,1,12,Browser,
2023,Silaki,10,V1,GH080094,17:38,10:50,Chlorurus,spilurus,Chlorurus spilurus,2,0,Others,
2023,Silaki,10,V1,GH080094,17:38,11:00,Naso,lituratus,Naso lituratus,1,2,Browser,
2023,Silaki,10,V1,GH080094,17:38,11:22,Chlorurus,bowersi,Chlorurus bowersi,1,0,Others,
2023,Silaki,10,V1,GH080094,17:38,11:23,Pervagor,janthisoma,Pervagor janthisoma,1,0,Others,
2023,Silaki,10,V1,GH080094,17:38,11:34,Ctenochaetus,striatus,Ctenochaetus striatus,2,0,Others,
2023,Silaki,10,V1,GH080094,17:38,16:16,Ctenochaetus,striatus,Ctenochaetus striatus,1,0,Others,
2023,Silaki,10,V1,GH080094,17:38,16:16,Acanthurus,nigrofuscus,Acanthurus nigrofuscus,1,0,Others,
2023,Silaki,10,V1,GH090094,13:36,0:38,Acanthurus,nigrofuscus,Acanthurus nigrofuscus,2,0,Others,
2023,Silaki,10,V1,GH090094,13:36,3:30,Acanthurus,nigrofuscus,Acanthurus nigrofuscus,1,0,Others,
2023,Silaki,10,V1,GH090094,13:36,6:51,Caranx,sexfasciatus,Caranx sexfasciatus,1,0,Others,
2023,Silaki,10,V1,GH090094,13:36,8:50,Acanthurus,nigrofuscus,Acanthurus nigrofuscus,1,0,Others,
2023,Silaki,10,V1,GH090094,13:36,11:57,Acanthurus,nigrofuscus,Acanthurus nigrofuscus,1,0,Others,
2023,Silaki,10,V2,GH010070,17:00,0:53,Acanthurus,nigrofuscus,Acanthurus nigrofuscus,2,0,Others,
2023,Silaki,10,V2,GH010070,17:00,1:08,Oxycheilinus,digramma,Oxycheilinus digramma,1,0,Others,
2023,Silaki,10,V2,GH010070,17:00,1:27,Chromis,margaritifer,Chromis margaritifer,1,0,Others,
2023,Silaki,10,V2,GH010070,17:00,1:47,Scarus,chameleon,Scarus chameleon,1,0,Others,
2023,Silaki,10,V2,GH010070,17:00,2:21,Acanthurus,nigrofuscus,Acanthurus nigrofuscus,3,0,Others,
2023,Silaki,10,V2,GH010070,17:00,2:25,Naso,lituratus,Naso lituratus,1,23,Browser,
2023,Silaki,10,V2,GH010070,17:00,3:14,Chaetodon,ornatissimus,Chaetodon ornatissimus,1,0,Others,
2023,Silaki,10,V2,GH010070,17:00,3:14,Chaetodon,kleinii,Chaetodon kleinii,1,0,Others,
2023,Silaki,10,V2,GH010070,17:00,3:14,Halichoeres,melanurus,Halichoeres melanurus,1,0,Others,
2023,Silaki,10,V2,GH010070,17:00,3:14,Halichoeres,hortulatus,Halichoeres hortulatus,3,0,Others,
2023,Silaki,10,V2,GH010070,17:00,3:45,Scarus,ghobban,Scarus ghobban,1,0,Others,
2023,Silaki,10,V2,GH010070,17:00,3:45,Naso,lituratus,Naso lituratus,1,4,Browser,
2023,Silaki,10,V2,GH010070,17:00,3:58,Acanthurus,nigricans,Acanthurus nigricans,2,0,Others,
2023,Silaki,10,V2,GH010070,17:00,3:58,Chaetodon,kleinii,Chaetodon kleinii,1,0,Others,
2023,Silaki,10,V2,GH010070,17:00,3:58,Chaetodon,lunulatus,Chaetodon lunulatus,1,0,Others,
2023,Silaki,10,V2,GH010070,17:00,4:15,Acanthurus,nigrofuscus,Acanthurus nigrofuscus,1,0,Others,
2023,Silaki,10,V2,GH010070,17:00,4:15,Dascyllus,trimaculatus,Dascyllus trimaculatus,1,0,Others,
2023,Silaki,10,V2,GH010070,17:00,4:19,Parupeneus,multifasciatus,Parupeneus multifasciatus,1,0,Others,
2023,Silaki,10,V2,GH010070,17:00,4:19,Chlorurus,spilurus,Chlorurus spilurus,1,0,Others,
2023,Silaki,10,V2,GH010070,17:00,4:22,Chaetodon,punctatissimus,Chaetodon punctatissimus,1,0,Others,
2023,Silaki,10,V2,GH010070,17:00,4:22,Siganus,javus,Siganus javus,1,0,Browser,
2023,Silaki,10,V2,GH010070,17:00,4:31,Siganus,argenteus,Siganus argenteus,4,0,Browser,
2023,Silaki,10,V2,GH010070,17:00,4:44,Acanthurus,nigrofuscus,Acanthurus nigrofuscus,4,0,Others,
2023,Silaki,10,V2,GH010070,17:00,4:47,Acanthurus,nigricans,Acanthurus nigricans,2,0,Others,
2023,Silaki,10,V2,GH010070,17:00,4:47,Chaetodon,lunulatus,Chaetodon lunulatus,2,0,Others,
2023,Silaki,10,V2,GH010070,17:00,4:47,Chlorurus,spilurus,Chlorurus spilurus,2,0,Others,
2023,Silaki,10,V2,GH010070,17:00,4:47,Scarus,bleekeri,Scarus bleekeri,1,0,Others,
2023,Silaki,10,V2,GH010070,17:00,4:57,Naso,lituratus,Naso lituratus,1,8,Browser,
2023,Silaki,10,V2,GH010070,17:00,4:57,Hemigymnus,fasciatus,Hemigymnus fasciatus,1,0,Others,
2023,Silaki,10,V2,GH010070,17:00,4:57,Dascyllus,trimaculatus,Dascyllus trimaculatus,2,0,Others,
2023,Silaki,10,V2,GH010070,17:00,4:57,Chlorurus,spilurus,Chlorurus spilurus,1,0,Others,
2023,Silaki,10,V2,GH010070,17:00,4:57,Acanthurus,nigrofuscus,Acanthurus nigrofuscus,2,0,Others,
2023,Silaki,10,V2,GH010070,17:00,4:57,Zebrasoma,scopas,Zebrasoma scopas,1,0,Others,
2023,Silaki,10,V2,GH010070,17:00,5:18,Chlorurus,spilurus,Chlorurus spilurus,1,0,Others,
2023,Silaki,10,V2,GH010070,17:00,5:48,Siganus,argenteus,Siganus argenteus,6,0,Browser,
2023,Silaki,10,V2,GH010070,17:00,5:48,Naso,lituratus,Naso lituratus,2,25,Browser,
2023,Silaki,10,V2,GH010070,17:00,5:55,Siganus,javus,Siganus javus,1,0,Browser,
2023,Silaki,10,V2,GH010070,17:00,6:08,Acanthurus,nigricans,Acanthurus nigricans,1,0,Others,
2023,Silaki,10,V2,GH010070,17:00,6:08,Acanthurus,nigrofuscus,Acanthurus nigrofuscus,3,0,Others,
2023,Silaki,10,V2,GH010070,17:00,6:08,Thalassoma,hardwicke,Thalassoma hardwicke,1,0,Others,
2023,Silaki,10,V2,GH010070,17:00,6:39,Pervagor,janthisoma,Pervagor janthisoma,1,0,Others,
2023,Silaki,10,V2,GH010070,17:00,6:45,Chaetodon,xanthurus,Chaetodon xanthurus,2,0,Others,
2023,Silaki,10,V2,GH010070,17:00,6:45,Hemigymnus,fasciatus,Hemigymnus fasciatus,1,0,Others,
2023,Silaki,10,V2,GH010070,17:00,6:58,Halichoeres,hortulatus,Halichoeres hortulatus,1,0,Others,
2023,Silaki,10,V2,GH010070,17:00,7:06,Chaetodon,kleinii,Chaetodon kleinii,1,0,Others,
2023,Silaki,10,V2,GH010070,17:00,7:31,Cephalopholis,urodeta,Cephalopholis urodeta,1,0,Others,
2023,Silaki,10,V2,GH010070,17:00,7:31,Halichoeres,hortulatus,Halichoeres hortulatus,1,0,Others,
2023,Silaki,10,V2,GH010070,17:00,7:56,Acanthurus,nigrofuscus,Acanthurus nigrofuscus,2,0,Others,
2023,Silaki,10,V2,GH010070,17:00,8:06,Chaetodon,lunulatus,Chaetodon lunulatus,2,0,Others,
2023,Silaki,10,V2,GH010070,17:00,8:28,Naso,lituratus,Naso lituratus,2,19,Browser,
2023,Silaki,10,V2,GH010070,17:00,8:28,Acanthurus,nigricans,Acanthurus nigricans,1,0,Others,
2023,Silaki,10,V2,GH010070,17:00,8:58,Acanthurus,nigrofuscus,Acanthurus nigrofuscus,3,0,Others,
2023,Silaki,10,V2,GH010070,17:00,9:18,Halichoeres,hortulatus,Halichoeres hortulatus,2,0,Others,
2023,Silaki,10,V2,GH010070,17:00,9:18,Hemigymnus,fasciatus,Hemigymnus fasciatus,1,0,Others,
2023,Silaki,10,V2,GH010070,17:00,9:29,Zanclus,cornutus,Zanclus cornutus,1,0,Others,
2023,Silaki,10,V2,GH010070,17:00,9:29,Dascyllus,trimaculatus,Dascyllus trimaculatus,1,0,Others,
2023,Silaki,10,V2,GH010070,17:00,9:41,Scarus,chameleon,Scarus chameleon,1,0,Others,
2023,Silaki,10,V2,GH010070,17:00,9:46,Scarus,globiceps,Scarus globiceps,1,0,Others,
2023,Silaki,10,V2,GH010070,17:00,9:57,Naso,lituratus,Naso lituratus,1,2,Browser,
2023,Silaki,10,V2,GH010070,17:00,9:57,Chaetodon,lunulatus,Chaetodon lunulatus,2,0,Others,
2023,Silaki,10,V2,GH010070,17:00,9:57,Chaetodon,melannotus,Chaetodon melannotus,2,0,Others,
2023,Silaki,10,V2,GH010070,17:00,9:57,Chaetodon,xanthurus,Chaetodon xanthurus,2,0,Others,
2023,Silaki,10,V2,GH010070,17:00,9:57,Chaetodon,kleinii,Chaetodon kleinii,1,0,Others,
2023,Silaki,10,V2,GH010070,17:00,10:01,Melichthys,vidua,Melichthys vidua,1,0,Browser,
2023,Silaki,10,V2,GH010070,17:00,10:24,Naso,lituratus,Naso lituratus,1,0,Browser,
2023,Silaki,10,V2,GH010070,17:00,10:31,Siganus,argenteus,Siganus argenteus,2,0,Browser,
2023,Silaki,10,V2,GH010070,17:00,10:35,Naso,lituratus,Naso lituratus,3,62,Browser,
2023,Silaki,10,V2,GH010070,17:00,11:11,Lutjanus,decussatus,Lutjanus decussatus,1,0,Others,
2023,Silaki,10,V2,GH010070,17:00,11:11,Dascyllus,trimaculatus,Dascyllus trimaculatus,1,0,Others,
2023,Silaki,10,V2,GH010070,17:00,11:51,Siganus,argenteus,Siganus argenteus,1,0,Browser,
2023,Silaki,10,V2,GH010070,17:00,12:05,Acanthurus,nigrofuscus,Acanthurus nigrofuscus,1,0,Others,
2023,Silaki,10,V2,GH010070,17:00,12:05,Chromis,margaritifer,Chromis margaritifer,1,0,Others,
2023,Silaki,10,V2,GH010070,17:00,12:05,Dascyllus,trimaculatus,Dascyllus trimaculatus,1,0,Others,
2023,Silaki,10,V2,GH010070,17:00,12:15,Naso,lituratus,Naso lituratus,2,15,Browser,
2023,Silaki,10,V2,GH010070,17:00,12:15,Scarus,chameleon,Scarus chameleon,1,0,Others,
2023,Silaki,10,V2,GH010070,17:00,12:51,Melichthys,vidua,Melichthys vidua,1,0,Browser,
2023,Silaki,10,V2,GH010070,17:00,12:58,Kyphosus,vaingensis,Kyphosus vaingensis,1,0,Browser,
2023,Silaki,10,V2,GH010070,17:00,13:21,Melichthys,vidua,Melichthys vidua,1,0,Browser,
2023,Silaki,10,V2,GH010070,17:00,13:50,Chaetodon,kleinii,Chaetodon kleinii,1,0,Others,
2023,Silaki,10,V2,GH010070,17:00,15:20,Scarus,globiceps,Scarus globiceps,1,0,Others,
2023,Silaki,10,V2,GH010070,17:00,15:34,Naso,lituratus,Naso lituratus,1,42,Browser,
2023,Silaki,10,V2,GH010070,17:00,15:34,Chaetodon,citrinellus,Chaetodon citrinellus,1,0,Others,
2023,Silaki,10,V2,GH010070,17:00,16:02,Chlorurus,spilurus,Chlorurus spilurus,1,0,Others,
2023,Silaki,10,V2,GH010070,17:00,16:02,Acanthurus,nigrofuscus,Acanthurus nigrofuscus,2,0,Others,
2023,Silaki,10,V2,GH010070,17:00,16:35,Cephalopholis,urodeta,Cephalopholis urodeta,2,0,Others,
2023,Silaki,10,V2,GH010070,17:00,17:03,Scarus,hypselopterus,Scarus hypselopterus,1,0,Others,
2023,Silaki,10,V2,GH010070,17:00,17:24,Melichthys,vidua,Melichthys vidua,1,0,Browser,
2023,Silaki,10,V2,GH010070,17:00,17:24,Hemigymnus,fasciatus,Hemigymnus fasciatus,1,0,Others,
2023,Silaki,10,V2,GH020070,17:38,0:06,Naso,lituratus,Naso lituratus,1,24,Browser,
2023,Silaki,10,V2,GH020070,17:38,0:06,Ctenochaetus,striatus,Ctenochaetus striatus,4,0,Others,
2023,Silaki,10,V2,GH020070,17:38,0:26,Lutjanus,decussatus,Lutjanus decussatus,1,0,Others,
2023,Silaki,10,V2,GH020070,17:38,0:30,Chlorurus,bowersi,Chlorurus bowersi,1,0,Others,
2023,Silaki,10,V2,GH020070,17:38,0:42,Naso,lituratus,Naso lituratus,1,0,Browser,
2023,Silaki,10,V2,GH020070,17:38,1:53,Dascyllus,trimaculatus,Dascyllus trimaculatus,1,0,Others,
2023,Silaki,10,V2,GH020070,17:38,2:14,Naso,lituratus,Naso lituratus,2,31,Browser,
2023,Silaki,10,V2,GH020070,17:38,2:31,Acanthurus,nigricans,Acanthurus nigricans,1,0,Others,
2023,Silaki,10,V2,GH020070,17:38,3:09,Zebrasoma,scopas,Zebrasoma scopas,1,0,Others,
2023,Silaki,10,V2,GH020070,17:38,5:53,Hipposcarus,scarus,Hipposcarus scarus,13,0,Others,
2023,Silaki,10,V2,GH020070,17:38,5:53,Hemigymnus,hypselopterus,Hemigymnus hypselopterus,1,0,Others,
2023,Silaki,10,V2,GH020070,17:38,6:16,Halichoeres,hortulatus,Halichoeres hortulatus,1,0,Others,
2023,Silaki,10,V2,GH020070,17:38,6:32,Dascyllus,trimaculatus,Dascyllus trimaculatus,1,0,Others,
2023,Silaki,10,V2,GH020070,17:38,6:39,Acanthurus,nigricans,Acanthurus nigricans,1,0,Others,
2023,Silaki,10,V2,GH020070,17:38,6:50,Scarus,globiceps,Scarus globiceps,1,0,Others,
2023,Silaki,10,V2,GH020070,17:38,7:10,Naso,lituratus,Naso lituratus,1,13,Browser,
2023,Silaki,10,V2,GH020070,17:38,7:37,Chlorurus,spilurus,Chlorurus spilurus,1,0,Others,
2023,Silaki,10,V2,GH020070,17:38,7:42,Melichthys,vidua,Melichthys vidua,1,0,Browser,
2023,Silaki,10,V2,GH020070,17:38,7:59,Chromis,margaritifer,Chromis margaritifer,1,0,Others,
2023,Silaki,10,V2,GH020070,17:38,8:29,Gomphosus,varius,Gomphosus varius,1,0,Others,
2023,Silaki,10,V2,GH020070,17:38,8:32,Cheilinus,chlorourus,Cheilinus chlorourus,1,0,Others,
2023,Silaki,10,V2,GH020070,17:38,9:06,Acanthurus,nigrofuscus,Acanthurus nigrofuscus,1,7,Others,
2023,Silaki,10,V2,GH020070,17:38,9:06,Acanthurus,nigrofuscus,Acanthurus nigrofuscus,2,0,Others,
2023,Silaki,10,V2,GH020070,17:38,10:16,Siganus,argenteus,Siganus argenteus,1,0,Browser,
2023,Silaki,10,V2,GH020070,17:38,11:53,Chromis,margaritifer,Chromis margaritifer,1,0,Others,
2023,Silaki,10,V2,GH020070,17:38,12:51,Zebrasoma,scopas,Zebrasoma scopas,1,0,Others,
2023,Silaki,10,V2,GH020070,17:38,13:23,Naso,lituratus,Naso lituratus,1,33,Browser,
2023,Silaki,10,V2,GH020070,17:38,14:19,Naso,lituratus,Naso lituratus,1,38,Browser,
2023,Silaki,10,V2,GH020070,17:38,14:19,Zanclus,cornutus,Zanclus cornutus,1,0,Others,
2023,Silaki,10,V2,GH020070,17:38,15:25,Naso,unicornis,Naso unicornis,1,35,Browser,
2023,Silaki,10,V2,GH020070,17:38,16:32,Chlorurus,bowersi,Chlorurus bowersi,1,0,Others,
2023,Silaki,10,V2,GH020070,17:38,17:00,Cheilinus,chlorourus,Cheilinus chlorourus,1,0,Others,
2023,Silaki,10,V2,GH020070,17:38,17:25,Siganus,argenteus,Siganus argenteus,1,0,Browser,
2023,Silaki,10,V2,GH030070,17:38,0:38,Ctenochaetus,striatus,Ctenochaetus striatus,2,0,Others,
2023,Silaki,10,V2,GH030070,17:38,0:42,Sufflamen,chrysopterus,Sufflamen chrysopterus,1,0,Others,
2023,Silaki,10,V2,GH030070,17:38,0:42,Halichoeres,hortulatus,Halichoeres hortulatus,1,0,Others,
2023,Silaki,10,V2,GH030070,17:38,0:48,Dascyllus,trimaculatus,Dascyllus trimaculatus,1,0,Others,
2023,Silaki,10,V2,GH030070,17:38,1:01,Chlorurus,bowersi,Chlorurus bowersi,1,0,Others,
2023,Silaki,10,V2,GH030070,17:38,2:26,Chlorurus,spilurus,Chlorurus spilurus,1,0,Others,
2023,Silaki,10,V2,GH030070,17:38,2:52,Naso,lituratus,Naso lituratus,1,29,Browser,
2023,Silaki,10,V2,GH030070,17:38,5:11,Naso,lituratus,Naso lituratus,1,47,Browser,
2023,Silaki,10,V2,GH030070,17:38,5:46,Melichthys,vidua,Melichthys vidua,1,1,Browser,
2023,Silaki,10,V2,GH030070,17:38,5:46,Acanthurus,nigrofuscus,Acanthurus nigrofuscus,2,0,Others,
2023,Silaki,10,V2,GH030070,17:38,7:06,Zebrasoma,scopas,Zebrasoma scopas,1,0,Others,
2023,Silaki,10,V2,GH030070,17:38,8:03,Chlorurus,bleekeri,Chlorurus bleekeri,1,0,Others,
2023,Silaki,10,V2,GH030070,17:38,8:03,Chlorurus,spilurus,Chlorurus spilurus,1,0,Others,
2023,Silaki,10,V2,GH030070,17:38,8:03,Parupeneus,multifasciatus,Parupeneus multifasciatus,2,0,Others,
2023,Silaki,10,V2,GH030070,17:38,8:10,Chaetodon,kleinii,Chaetodon kleinii,1,0,Others,
2023,Silaki,10,V2,GH030070,17:38,8:16,Hemigymnus,fasciatus,Hemigymnus fasciatus,1,0,Others,
2023,Silaki,10,V2,GH030070,17:38,8:16,Chlorurus,bowersi,Chlorurus bowersi,1,0,Others,
2023,Silaki,10,V2,GH030070,17:38,9:22,Chaetodon,speculum,Chaetodon speculum,1,0,Others,
2023,Silaki,10,V2,GH030070,17:38,9:39,Siganus,argenteus,Siganus argenteus,1,0,Browser,
2023,Silaki,10,V2,GH030070,17:38,9:46,Dascyllus,trimaculatus,Dascyllus trimaculatus,1,0,Others,
2023,Silaki,10,V2,GH030070,17:38,10:12,Naso,lituratus,Naso lituratus,1,32,Browser,
2023,Silaki,10,V2,GH030070,17:38,10:56,Chaetodon,melannotus,Chaetodon melannotus,1,0,Others,
2023,Silaki,10,V2,GH030070,17:38,11:06,Parupeneus,multifasciatus,Parupeneus multifasciatus,1,0,Others,
2023,Silaki,10,V2,GH030070,17:38,11:06,Lutjanus,decussatus,Lutjanus decussatus,1,0,Others,
2023,Silaki,10,V2,GH030070,17:38,11:06,Hemigymnus,fasciatus,Hemigymnus fasciatus,1,0,Others,
2023,Silaki,10,V2,GH030070,17:38,11:06,Chromis,margaritifer,Chromis margaritifer,1,0,Others,
2023,Silaki,10,V2,GH030070,17:38,11:45,Melichthys,vidua,Melichthys vidua,1,1,Browser,
2023,Silaki,10,V2,GH030070,17:38,12:31,Naso,lituratus,Naso lituratus,1,4,Browser,
2023,Silaki,10,V2,GH030070,17:38,12:55,Acanthurus,nigrofuscus,Acanthurus nigrofuscus,2,0,Others,
2023,Silaki,10,V2,GH030070,17:38,14:01,Cephalopholis,urodeta,Cephalopholis urodeta,1,0,Others,
2023,Silaki,10,V2,GH030070,17:38,14:12,Chlorurus,bowersi,Chlorurus bowersi,1,0,Others,
2023,Silaki,10,V2,GH030070,17:38,14:12,Melichthys,vidua,Melichthys vidua,1,0,Browser,
2023,Silaki,10,V2,GH030070,17:38,14:35,Siganus,argenteus,Siganus argenteus,1,0,Browser,
2023,Silaki,10,V2,GH030070,17:38,15:01,Acanthurus,nigrofuscus,Acanthurus nigrofuscus,2,0,Others,
2023,Silaki,10,V2,GH030070,17:38,15:54,Naso,lituratus,Naso lituratus,1,14,Browser,
2023,Silaki,10,V2,GH030070,17:38,17:00,Dascyllus,trimaculatus,Dascyllus trimaculatus,1,0,Others,
2023,Silaki,10,V2,GH040070,17:38,0:07,Naso,lituratus,Naso lituratus,1,19,Browser,
2023,Silaki,10,V2,GH040070,17:38,1:23,Melichthys,vidua,Melichthys vidua,1,0,Browser,
2023,Silaki,10,V2,GH040070,17:38,3:06,Thalassoma,hardwicke,Thalassoma hardwicke,1,0,Others,
2023,Silaki,10,V2,GH040070,17:38,3:29,Naso,lituratus,Naso lituratus,1,43,Browser,
2023,Silaki,10,V2,GH040070,17:38,3:54,Naso,lituratus,Naso lituratus,1,0,Browser,
2023,Silaki,10,V2,GH040070,17:38,4:09,Acanthurus,nigrofuscus,Acanthurus nigrofuscus,1,0,Others,
2023,Silaki,10,V2,GH040070,17:38,4:22,Chlorurus,spilurus,Chlorurus spilurus,2,0,Others,
2023,Silaki,10,V2,GH040070,17:38,5:32,Zebrasoma,veliferum,Zebrasoma veliferum,2,0,Others,
2023,Silaki,10,V2,GH040070,17:38,5:56,Acanthurus,nigricans,Acanthurus nigricans,1,0,Others,
2023,Silaki,10,V2,GH040070,17:38,6:24,Acanthurus,nigrofuscus,Acanthurus nigrofuscus,2,0,Others,
2023,Silaki,10,V2,GH040070,17:38,6:43,Chlorurus,bowersi,Chlorurus bowersi,1,0,Others,
2023,Silaki,10,V2,GH040070,17:38,7:19,Siganus,argenteus,Siganus argenteus,2,0,Browser,
2023,Silaki,10,V2,GH040070,17:38,8:06,Chlorurus,spilurus,Chlorurus spilurus,2,0,Others,
2023,Silaki,10,V2,GH040070,17:38,8:11,Naso,lituratus,Naso lituratus,1,0,Browser,
2023,Silaki,10,V2,GH040070,17:38,8:18,Naso,lituratus,Naso lituratus,1,20,Browser,
2023,Silaki,10,V2,GH040070,17:38,8:33,Zanclus,cornutus,Zanclus cornutus,1,0,Others,
2023,Silaki,10,V2,GH040070,17:38,9:02,Acanthurus,nigrofuscus,Acanthurus nigrofuscus,1,0,Others,
2023,Silaki,10,V2,GH040070,17:38,9:46,Chlorurus,globiceps,Chlorurus globiceps,1,0,Others,
2023,Silaki,10,V2,GH040070,17:38,10:04,Acanthurus,nigrofuscus,Acanthurus nigrofuscus,1,0,Others,
2023,Silaki,10,V2,GH040070,17:38,10:37,Naso,lituratus,Naso lituratus,1,18,Browser,
2023,Silaki,10,V2,GH040070,17:38,11:06,Chlorurus,bowersi,Chlorurus bowersi,1,0,Others,
2023,Silaki,10,V2,GH040070,17:38,11:26,Naso,lituratus,Naso lituratus,1,5,Browser,
2023,Silaki,10,V2,GH040070,17:38,12:01,Melichthys,vidua,Melichthys vidua,1,0,Browser,
2023,Silaki,10,V2,GH040070,17:38,12:03,Zebrasoma,scopas,Zebrasoma scopas,1,0,Others,
2023,Silaki,10,V2,GH040070,17:38,12:54,Acanthurus,nigricans,Acanthurus nigricans,1,0,Others,
2023,Silaki,10,V2,GH040070,17:38,12:39,Halichoeres,hortulatus,Halichoeres hortulatus,1,0,Others,
2023,Silaki,10,V2,GH040070,17:38,13:15,Parupeneus,multifasciatus,Parupeneus multifasciatus,1,0,Others,
2023,Silaki,10,V2,GH040070,17:38,13:38,Zanclus,cornutus,Zanclus cornutus,1,0,Others,
2023,Silaki,10,V2,GH040070,17:38,14:30,Acanthurus,nigrofuscus,Acanthurus nigrofuscus,2,0,Others,
2023,Silaki,10,V2,GH040070,17:38,14:30,Naso,lituratus,Naso lituratus,1,38,Browser,
2023,Silaki,10,V2,GH040070,17:38,15:43,Naso,lituratus,Naso lituratus,1,0,Browser,
2023,Silaki,10,V2,GH040070,17:38,15:46,Scarus,globiceps,Scarus globiceps,1,0,Others,
2023,Silaki,10,V2,GH040070,17:38,17:18,Zebrasoma,scopas,Zebrasoma scopas,2,0,Others,
2023,Silaki,10,V2,GH040070,17:38,17:24,Acanthurus,nigricans,Acanthurus nigricans,2,0,Others,
2023,Silaki,10,V2,GH050070,17:39,0:01,Chlorurus,spilurus,Chlorurus spilurus,1,0,Others,
2023,Silaki,10,V2,GH050070,17:39,0:14,Dascyllus,trimaculatus,Dascyllus trimaculatus,1,0,Others,
2023,Silaki,10,V2,GH050070,17:39,0:33,Lutjanus,decussatus,Lutjanus decussatus,1,0,Others,
2023,Silaki,10,V2,GH050070,17:39,0:37,Acanthurus,nigrofuscus,Acanthurus nigrofuscus,2,0,Others,
2023,Silaki,10,V2,GH050070,17:39,1:15,Siganus,argenteus,Siganus argenteus,1,0,Browser,
2023,Silaki,10,V2,GH050070,17:39,1:59,Zebrasoma,scopas,Zebrasoma scopas,1,0,Others,
2023,Silaki,10,V2,GH050070,17:39,2:09,Chlorurus,spilurus,Chlorurus spilurus,1,0,Others,
2023,Silaki,10,V2,GH050070,17:39,2:34,Naso,lituratus,Naso lituratus,1,8,Browser,
2023,Silaki,10,V2,GH050070,17:39,2:52,Cheilinus,chlorourus,Cheilinus chlorourus,1,0,Others,
2023,Silaki,10,V2,GH050070,17:39,3:01,Naso,lituratus,Naso lituratus,1,0,Browser,
2023,Silaki,10,V2,GH050070,17:39,4:07,Halichoeres,hortulatus,Halichoeres hortulatus,1,0,Others,
2023,Silaki,10,V2,GH050070,17:39,4:10,Zebrasoma,scopas,Zebrasoma scopas,2,0,Others,
2023,Silaki,10,V2,GH050070,17:39,4:51,Chlorurus,bowersi,Chlorurus bowersi,1,0,Others,
2023,Silaki,10,V2,GH050070,17:39,5:53,Melichthys,vidua,Melichthys vidua,1,0,Browser,
2023,Silaki,10,V2,GH050070,17:39,6:07,Chlorurus,spilurus,Chlorurus spilurus,1,0,Others,
2023,Silaki,10,V2,GH050070,17:39,6:46,Thalassoma,hardwicke,Thalassoma hardwicke,1,0,Others,
2023,Silaki,10,V2,GH050070,17:39,7:27,Zebrasoma,scopas,Zebrasoma scopas,1,0,Others,
2023,Silaki,10,V2,GH050070,17:39,8:23,Lutjanus,decussatus,Lutjanus decussatus,1,0,Others,
2023,Silaki,10,V2,GH050070,17:39,8:28,Ctenochaetus,striatus,Ctenochaetus striatus,1,12,Others,
2023,Silaki,10,V2,GH050070,17:39,9:23,Naso,lituratus,Naso lituratus,1,11,Browser,
2023,Silaki,10,V2,GH050070,17:39,9:48,Melichthys,vidua,Melichthys vidua,1,0,Browser,
2023,Silaki,10,V2,GH050070,17:39,9:48,Thalassoma,hardwicke,Thalassoma hardwicke,1,0,Others,
2023,Silaki,10,V2,GH050070,17:39,10:07,Lutjanus,decussatus,Lutjanus decussatus,3,0,Others,
2023,Silaki,10,V2,GH050070,17:39,10:19,Chlorurus,spilurus,Chlorurus spilurus,1,0,Others,
2023,Silaki,10,V2,GH050070,17:39,10:50,Naso,lituratus,Naso lituratus,1,23,Browser,
2023,Silaki,10,V2,GH050070,17:39,13:55,Zebrasoma,scopas,Zebrasoma scopas,1,0,Others,
2023,Silaki,10,V2,GH050070,17:39,14:18,Naso,lituratus,Naso lituratus,1,11,Browser,
2023,Silaki,10,V2,GH050070,17:39,15:04,Naso,lituratus,Naso lituratus,1,4,Browser,
2023,Silaki,10,V2,GH060070,17:38,1:03,Naso,lituratus,Naso lituratus,1,7,Browser,
2023,Silaki,10,V2,GH060070,17:38,2:09,Chlorurus,spilurus,Chlorurus spilurus,1,0,Others,
2023,Silaki,10,V2,GH060070,17:38,2:38,Ctenochaetus,striatus,Ctenochaetus striatus,4,0,Others,
2023,Silaki,10,V2,GH060070,17:38,5:15,Hemigymnus,fasciatus,Hemigymnus fasciatus,1,0,Others,
2023,Silaki,10,V2,GH060070,17:38,6:26,Cheilinus,chlorourus,Cheilinus chlorourus,1,0,Others,
2023,Silaki,10,V2,GH060070,17:38,7:33,Naso,lituratus,Naso lituratus,1,69,Browser,
2023,Silaki,10,V2,GH060070,17:38,9:21,Hemigymnus,melapterus,Hemigymnus melapterus,1,0,Others,
2023,Silaki,10,V2,GH060070,17:38,10:26,Ctenochaetus,striatus,Ctenochaetus striatus,1,42,Others,
2023,Silaki,10,V2,GH060070,17:38,13:18,Acanthurus,nigricans,Acanthurus nigricans,1,0,Others,
2023,Silaki,10,V2,GH060070,17:38,14:56,Chlorurus,spilurus,Chlorurus spilurus,1,0,Others,
2023,Silaki,10,V2,GH060070,17:38,15:06,Melichthys,vidua,Melichthys vidua,1,0,Browser,
2023,Silaki,10,V2,GH060070,17:38,15:39,Acanthurus,nigricans,Acanthurus nigricans,1,7,Others,
2023,Silaki,10,V2,GH060070,17:38,15:39,Chlorurus,spilurus,Chlorurus spilurus,1,0,Others,
2023,Silaki,10,V2,GH060070,17:38,15:52,Naso,lituratus,Naso lituratus,1,28,Browser,
2023,Silaki,10,V2,GH060070,17:38,17:07,Melichthys,vidua,Melichthys vidua,1,6,Browser,
2023,Silaki,10,V2,GH060070,17:38,17:07,Naso,unicornis,Naso unicornis,1,69,Browser,
2023,Silaki,10,V2,GH070070,17:38,0:22,Chaetodon,lunulatus,Chaetodon lunulatus,2,0,Others,
2023,Silaki,10,V2,GH070070,17:38,2:27,Melichthys,vidua,Melichthys vidua,1,0,Browser,
2023,Silaki,10,V2,GH070070,17:38,2:27,Cephalopholis,urodeta,Cephalopholis urodeta,1,0,Others,
2023,Silaki,10,V2,GH070070,17:38,3:20,Acanthurus,nigricans,Acanthurus nigricans,1,14,Others,
2023,Silaki,10,V2,GH070070,17:38,4:21,Acanthurus,nigrofuscus,Acanthurus nigrofuscus,2,0,Others,
2023,Silaki,10,V2,GH070070,17:38,5:20,Naso,lituratus,Naso lituratus,1,0,Browser,
2023,Silaki,10,V2,GH070070,17:38,6:20,Zebrasoma,scopas,Zebrasoma scopas,1,0,Others,
2023,Silaki,10,V2,GH070070,17:38,6:22,Chlorurus,spilurus,Chlorurus spilurus,1,0,Others,
2023,Silaki,10,V2,GH070070,17:38,7:08,Melichthys,vidua,Melichthys vidua,1,0,Browser,
2023,Silaki,10,V2,GH070070,17:38,7:56,Naso,lituratus,Naso lituratus,2,39,Browser,
2023,Silaki,10,V2,GH070070,17:38,9:08,Chlorurus,bowersi,Chlorurus bowersi,1,0,Others,
2023,Silaki,10,V2,GH070070,17:38,9:41,Melichthys,vidua,Melichthys vidua,1,3,Browser,
2023,Silaki,10,V2,GH070070,17:38,11:23,Acanthurus,nigrofuscus,Acanthurus nigrofuscus,3,32,Others,
2023,Silaki,10,V2,GH070070,17:38,13:36,Acanthurus,nigricans,Acanthurus nigricans,1,0,Others,
2023,Silaki,10,V2,GH070070,17:38,14:15,Naso,lituratus,Naso lituratus,1,12,Browser,
2023,Silaki,10,V2,GH070070,17:38,14:36,Scarus,chameleon,Scarus chameleon,1,0,Others,
2023,Silaki,10,V2,GH070070,17:38,16:54,Chlorurus,spilurus,Chlorurus spilurus,1,0,Others,
2023,Silaki,10,V2,GH070070,17:38,16:54,Acanthurus,nigrofuscus,Acanthurus nigrofuscus,1,0,Others,
2023,Silaki,10,V2,GH070070,17:38,17:31,Chlorurus,bowersi,Chlorurus bowersi,1,0,Others,
2023,Silaki,10,V2,GH080070,15:04,0:27,Naso,lituratus,Naso lituratus,2,7,Browser,
2023,Silaki,10,V2,GH080070,15:04,1:05,Chlorurus,spilurus,Chlorurus spilurus,1,0,Others,
2023,Silaki,10,V2,GH080070,15:04,1:11,Melichthys,vidua,Melichthys vidua,1,0,Browser,
2023,Silaki,10,V2,GH080070,15:04,1:24,Chlorurus,bowersi,Chlorurus bowersi,1,0,Others,
2023,Silaki,10,V2,GH080070,15:04,2:10,Acanthurus,nigricans,Acanthurus nigricans,1,0,Others,
2023,Silaki,10,V2,GH080070,15:04,3:37,Acanthurus,nigrofuscus,Acanthurus nigrofuscus,1,15,Others,
2023,Silaki,10,V2,GH080070,15:04,3:37,Naso,lituratus,Naso lituratus,1,0,Browser,
2023,Silaki,10,V2,GH080070,15:04,4:21,Chlorurus,bowersi,Chlorurus bowersi,1,0,Others,
2023,Silaki,10,V2,GH080070,15:04,6:07,Acanthurus,nigricans,Acanthurus nigricans,1,0,Others,
2023,Silaki,10,V2,GH080070,15:04,6:07,Dascyllus,trimaculatus,Dascyllus trimaculatus,1,0,Others,
2023,Silaki,10,V2,GH080070,15:04,6:15,Siganus,argenteus,Siganus argenteus,1,0,Browser,
2023,Silaki,10,V2,GH080070,15:04,6:39,Naso,lituratus,Naso lituratus,1,0,Browser,
2023,Silaki,10,V2,GH080070,15:04,7:57,Acanthurus,nigrofuscus,Acanthurus nigrofuscus,2,0,Others,
2023,Silaki,10,V2,GH080070,15:04,8:14,Zebrasoma,scopas,Zebrasoma scopas,1,0,Others,
2023,Silaki,10,V2,GH080070,15:04,8:50,Naso,lituratus,Naso lituratus,1,9,Browser,
2023,Silaki,10,V2,GH080070,15:04,9:22,Halichoeres,hortulatus,Halichoeres hortulatus,1,0,Others,
2023,Silaki,10,V2,GH080070,15:04,10:04,Zebrasoma,scopas,Zebrasoma scopas,2,0,Others,
2023,Silaki,10,V2,GH080070,15:04,10:04,Hemigymnus,fasciatus,Hemigymnus fasciatus,1,0,Others,
2023,Silaki,10,V2,GH080070,15:04,10:04,Chlorurus,spilurus,Chlorurus spilurus,1,0,Others,
2023,Silaki,10,V2,GH080070,15:04,10:13,Naso,lituratus,Naso lituratus,2,6,Browser,
2023,Silaki,10,V2,GH080070,15:04,11:19,Caranx,sexfasciatus,Caranx sexfasciatus,1,0,Others,
2023,Silaki,10,V2,GH080070,15:04,13:13,Chaetodon,lunulatus,Chaetodon lunulatus,1,0,Others,
2023,Silaki,10,V2,GH080070,15:04,13:01,Chaetodon,lunulatus,Chaetodon lunulatus,2,0,Others,
2023,Silaki,10,V2,GH080070,15:04,13:14,Zebrasoma,scopas,Zebrasoma scopas,1,0,Others,
2023,Silaki,10,V2,GH080070,15:04,13:17,Dascyllus,trimaculatus,Dascyllus trimaculatus,2,0,Others,
2023,Silaki,10,V2,GH080070,15:04,13:17,Acanthurus,nigrofuscus,Acanthurus nigrofuscus,2,0,Others,
2023,Silaki,10,V2,GH080070,15:04,13:17,Cephalopholis,urodeta,Cephalopholis urodeta,1,0,Others,
2023,Silaki,10,V2,GH080070,15:04,13:55,Chromis,margaritifer,Chromis margaritifer,1,0,Others,
2023,Silaki,10,V3,GH010060,17:38,2:05,Acanthurus,nigrofuscus,Acanthurus nigrofuscus,2,0,Others,
2023,Silaki,10,V3,GH010060,17:38,5:20,Cheilinus,chlorourus,Cheilinus chlorourus,1,0,Others,
2023,Silaki,10,V3,GH010060,17:38,7:44,Acanthurus,nigrofuscus,Acanthurus nigrofuscus,1,25,Others,
2023,Silaki,10,V3,GH020060,17:38,4:16,Halichoeres,melannotus,Halichoeres melannotus,1,0,Others,
2023,Silaki,10,V3,GH020060,17:38,4:23,Acanthurus,nigrofuscus,Acanthurus nigrofuscus,1,0,Others,
2023,Silaki,10,V3,GH020060,17:38,4:37,Cheilinus,chlorourus,Cheilinus chlorourus,1,0,Others,
2023,Silaki,10,V3,GH020060,17:38,6:49,Acanthurus,nigrofuscus,Acanthurus nigrofuscus,1,0,Others,
2023,Silaki,10,V3,GH020060,17:38,7:37,Chlorurus,spilurus,Chlorurus spilurus,1,0,Others,
2023,Silaki,10,V3,GH020060,17:38,13:32,Acanthurus,nigrofuscus,Acanthurus nigrofuscus,1,0,Others,
2023,Silaki,10,V3,GH020060,17:38,13:32,Parupeneus,multifasciatus,Parupeneus multifasciatus,1,0,Others,
2023,Silaki,10,V3,GH020060,17:38,14:07,Halichoeres,hortulatus,Halichoeres hortulatus,1,0,Others,
2023,Silaki,10,V3,GH020060,17:38,16:04,Naso,lituratus,Naso lituratus,1,0,Browser,
2023,Silaki,10,V3,GH020060,17:38,16:30,Cheilinus,chlorourus,Cheilinus chlorourus,1,0,Others,
2023,Silaki,10,V3,GH030060,17:39,0:12,Pervagor,janthisoma,Pervagor janthisoma,1,0,Others,
2023,Silaki,10,V3,GH030060,17:39,0:42,Naso,lituratus,Naso lituratus,1,63,Browser,
2023,Silaki,10,V3,GH030060,17:39,1:03,Chlorurus,spilurus,Chlorurus spilurus,1,0,Others,
2023,Silaki,10,V3,GH030060,17:39,1:03,Naso,lituratus,Naso lituratus,1,2,Browser,
2023,Silaki,10,V3,GH030060,17:39,1:41,Acanthurus,nigrofuscus,Acanthurus nigrofuscus,2,0,Others,
2023,Silaki,10,V3,GH030060,17:39,2:30,Chlorurus,spilurus,Chlorurus spilurus,1,0,Others,
2023,Silaki,10,V3,GH030060,17:39,3:24,Chlorurus,spilurus,Chlorurus spilurus,2,0,Others,
2023,Silaki,10,V3,GH030060,17:39,4:07,Siganus,argenteus,Siganus argenteus,1,0,Browser,
2023,Silaki,10,V3,GH030060,17:39,4:15,Naso,lituratus,Naso lituratus,1,3,Browser,
2023,Silaki,10,V3,GH030060,17:39,5:27,Naso,brachycentron,Naso brachycentron,1,0,Browser,
2023,Silaki,10,V3,GH030060,17:39,5:27,Melichthys,vidua,Melichthys vidua,1,0,Browser,
2023,Silaki,10,V3,GH030060,17:39,6:40,Acanthurus,nigrofuscus,Acanthurus nigrofuscus,1,0,Others,
2023,Silaki,10,V3,GH030060,17:39,6:54,Siganus,argenteus,Siganus argenteus,1,0,Browser,
2023,Silaki,10,V3,GH030060,17:39,7:49,Naso,lituratus,Naso lituratus,1,6,Browser,
2023,Silaki,10,V3,GH030060,17:39,7:57,Naso,lituratus,Naso lituratus,1,5,Browser,
2023,Silaki,10,V3,GH030060,17:39,9:25,Siganus,argenteus,Siganus argenteus,1,0,Browser,
2023,Silaki,10,V3,GH030060,17:39,9:25,Chlorurus,spilurus,Chlorurus spilurus,1,0,Others,
2023,Silaki,10,V3,GH030060,17:39,9:25,Melichthys,vidua,Melichthys vidua,1,0,Browser,
2023,Silaki,10,V3,GH030060,17:39,11:15,Melichthys,vidua,Melichthys vidua,1,2,Browser,
2023,Silaki,10,V3,GH030060,17:39,11:48,Naso,lituratus,Naso lituratus,1,21,Browser,
2023,Silaki,10,V3,GH030060,17:39,11:54,Siganus,argenteus,Siganus argenteus,5,0,Browser,
2023,Silaki,10,V3,GH030060,17:39,12:10,Zebrasoma,scopas,Zebrasoma scopas,2,0,Others,
2023,Silaki,10,V3,GH030060,17:39,12:10,Naso,lituratus,Naso lituratus,1,0,Browser,
2023,Silaki,10,V3,GH030060,17:39,12:28,Acanthurus,nigrofuscus,Acanthurus nigrofuscus,2,0,Others,
2023,Silaki,10,V3,GH030060,17:39,12:36,Ctenochaetus,striatus,Ctenochaetus striatus,1,32,Others,
2023,Silaki,10,V3,GH030060,17:39,13:48,Naso,lituratus,Naso lituratus,1,2,Browser,
2023,Silaki,10,V3,GH030060,17:39,13:48,Naso,lituratus,Naso lituratus,1,47,Browser,
2023,Silaki,10,V3,GH030060,17:39,13:48,Chlorurus,spilurus,Chlorurus spilurus,1,0,Others,
2023,Silaki,10,V3,GH030060,17:39,13:58,Siganus,argenteus,Siganus argenteus,1,0,Browser,
2023,Silaki,10,V3,GH030060,17:39,14:10,Naso,lituratus,Naso lituratus,1,0,Browser,
2023,Silaki,10,V3,GH030060,17:39,14:10,Acanthurus,nigrofuscus,Acanthurus nigrofuscus,2,0,Others,
2023,Silaki,10,V3,GH030060,17:39,15:08,Siganus,argenteus,Siganus argenteus,1,1,Browser,
2023,Silaki,10,V3,GH030060,17:39,15:36,Chaetodon,melannotus,Chaetodon melannotus,1,0,Others,
2023,Silaki,10,V3,GH030060,17:39,15:36,Halichoeres,melanurus,Halichoeres melanurus,1,0,Others,
2023,Silaki,10,V3,GH030060,17:39,15:39,Parupeneus,multifasciatus,Parupeneus multifasciatus,1,0,Others,
2023,Silaki,10,V3,GH030060,17:39,15:39,Acanthurus,nigrofuscus,Acanthurus nigrofuscus,4,0,Others,
2023,Silaki,10,V3,GH030060,17:39,16:23,Naso,lituratus,Naso lituratus,1,29,Browser,
2023,Silaki,10,V3,GH030060,17:39,16:23,Melichthys,vidua,Melichthys vidua,1,1,Browser,
2023,Silaki,10,V3,GH030060,17:39,16:43,Chlorurus,spilurus,Chlorurus spilurus,1,0,Others,
2023,Silaki,10,V3,GH030060,17:39,16:46,Acanthurus,nigrofuscus,Acanthurus nigrofuscus,2,82,Others,
2023,Silaki,10,V3,GH040060,17:39,0:05,Siganus,argenteus,Siganus argenteus,1,0,Browser,
2023,Silaki,10,V3,GH040060,17:39,0:21,Acanthurus,nigrofuscus,Acanthurus nigrofuscus,1,0,Others,
2023,Silaki,10,V3,GH040060,17:39,0:48,Acanthurus,nigrofuscus,Acanthurus nigrofuscus,1,14,Others,
2023,Silaki,10,V3,GH040060,17:39,1:13,Naso,lituratus,Naso lituratus,1,3,Browser,
2023,Silaki,10,V3,GH040060,17:39,1:17,Naso,lituratus,Naso lituratus,1,3,Browser,
2023,Silaki,10,V3,GH040060,17:39,1:40,Siganus,argenteus,Siganus argenteus,1,0,Browser,
2023,Silaki,10,V3,GH040060,17:39,1:50,Scarus,forsteni,Scarus forsteni,1,0,Others,
2023,Silaki,10,V3,GH040060,17:39,1:55,Melichthys,vidua,Melichthys vidua,1,0,Browser,
2023,Silaki,10,V3,GH040060,17:39,2:08,Naso,lituratus,Naso lituratus,1,0,Browser,
2023,Silaki,10,V3,GH040060,17:39,2:14,Naso,lituratus,Naso lituratus,1,2,Browser,
2023,Silaki,10,V3,GH040060,17:39,3:15,Chlorurus,spilurus,Chlorurus spilurus,1,0,Others,
2023,Silaki,10,V3,GH040060,17:39,3:15,Halichoeres,hortulatus,Halichoeres hortulatus,2,0,Others,
2023,Silaki,10,V3,GH040060,17:39,3:35,Naso,lituratus,Naso lituratus,1,27,Browser,
2023,Silaki,10,V3,GH040060,17:39,4:06,Melichthys,vidua,Melichthys vidua,1,4,Browser,
2023,Silaki,10,V3,GH040060,17:39,4:06,Parupeneus,multifasciatus,Parupeneus multifasciatus,1,0,Others,
2023,Silaki,10,V3,GH040060,17:39,4:06,Acanthurus,nigrofuscus,Acanthurus nigrofuscus,1,7,Others,
2023,Silaki,10,V3,GH040060,17:39,4:29,Chlorurus,spilurus,Chlorurus spilurus,1,0,Others,
2023,Silaki,10,V3,GH040060,17:39,4:29,Naso,lituratus,Naso lituratus,1,0,Browser,
2023,Silaki,10,V3,GH040060,17:39,5:28,Naso,lituratus,Naso lituratus,2,13,Browser,
2023,Silaki,10,V3,GH040060,17:39,6:12,Siganus,argenteus,Siganus argenteus,1,0,Browser,
2023,Silaki,10,V3,GH040060,17:39,7:35,Cheilinus,chlorourus,Cheilinus chlorourus,1,0,Others,
2023,Silaki,10,V3,GH040060,17:39,7:50,Naso,lituratus,Naso lituratus,2,8,Browser,
2023,Silaki,10,V3,GH040060,17:39,8:28,Acanthurus,nigrofuscus,Acanthurus nigrofuscus,1,0,Others,
2023,Silaki,10,V3,GH040060,17:39,9:45,Naso,lituratus,Naso lituratus,1,14,Browser,
2023,Silaki,10,V3,GH040060,17:39,10:00,Siganus,argenteus,Siganus argenteus,1,0,Browser,
2023,Silaki,10,V3,GH040060,17:39,10:07,Melichthys,vidua,Melichthys vidua,1,0,Browser,
2023,Silaki,10,V3,GH040060,17:39,10:09,Naso,lituratus,Naso lituratus,1,45,Browser,
2023,Silaki,10,V3,GH040060,17:39,10:21,Naso,lituratus,Naso lituratus,1,0,Browser,
2023,Silaki,10,V3,GH040060,17:39,11:04,Lutjanus,decussatus,Lutjanus decussatus,1,0,Others,
2023,Silaki,10,V3,GH040060,17:39,11:27,Siganus,argenteus,Siganus argenteus,1,0,Browser,
2023,Silaki,10,V3,GH040060,17:39,12:42,Naso,lituratus,Naso lituratus,2,43,Browser,
2023,Silaki,10,V3,GH040060,17:39,13:37,Zebrasoma,scopas,Zebrasoma scopas,1,0,Others,
2023,Silaki,10,V3,GH040060,17:39,15:44,Naso,lituratus,Naso lituratus,2,48,Browser,
2023,Silaki,10,V3,GH040060,17:39,15:52,Chlorurus,forsteni,Chlorurus forsteni,1,0,Others,
2023,Silaki,10,V3,GH040060,17:39,16:54,Siganus,argenteus,Siganus argenteus,1,0,Browser,
2023,Silaki,10,V3,GH040060,17:39,17:07,Melichthys,vidua,Melichthys vidua,1,2,Browser,
2023,Silaki,10,V3,GH040060,17:39,17:24,Acanthurus,nigrofuscus,Acanthurus nigrofuscus,3,0,Others,
2023,Silaki,10,V3,GH040060,17:39,17:24,Siganus,argenteus,Siganus argenteus,2,0,Browser,
2023,Silaki,10,V3,GH050060,17:39,0:30,Naso,lituratus,Naso lituratus,2,3,Browser,
2023,Silaki,10,V3,GH050060,17:39,0:30,Acanthurus,nigrofuscus,Acanthurus nigrofuscus,2,41,Others,
2023,Silaki,10,V3,GH050060,17:39,1:00,Zebrasoma,scopas,Zebrasoma scopas,1,0,Others,
2023,Silaki,10,V3,GH050060,17:39,1:05,Chlorurus,spilurus,Chlorurus spilurus,1,0,Others,
2023,Silaki,10,V3,GH050060,17:39,1:19,Acanthurus,nigrofuscus,Acanthurus nigrofuscus,1,31,Others,
2023,Silaki,10,V3,GH050060,17:39,2:00,Siganus,argenteus,Siganus argenteus,1,0,Browser,
2023,Silaki,10,V3,GH050060,17:39,3:15,Chaetodon,kleinii,Chaetodon kleinii,1,0,Others,
2023,Silaki,10,V3,GH050060,17:39,3:52,Naso,lituratus,Naso lituratus,1,20,Browser,
2023,Silaki,10,V3,GH050060,17:39,4:30,Melichthys,vidua,Melichthys vidua,1,6,Browser,
2023,Silaki,10,V3,GH050060,17:39,6:03,Naso,lituratus,Naso lituratus,1,0,Browser,
2023,Silaki,10,V3,GH050060,17:39,6:20,Naso,lituratus,Naso lituratus,2,26,Browser,
2023,Silaki,10,V3,GH050060,17:39,6:56,Melichthys,vidua,Melichthys vidua,1,5,Browser,
2023,Silaki,10,V3,GH050060,17:39,8:03,Naso,lituratus,Naso lituratus,2,39,Browser,
2023,Silaki,10,V3,GH050060,17:39,9:13,Melichthys,vidua,Melichthys vidua,1,3,Browser,
2023,Silaki,10,V3,GH050060,17:39,9:39,Naso,lituratus,Naso lituratus,1,3,Browser,
2023,Silaki,10,V3,GH050060,17:39,10:44,Naso,lituratus,Naso lituratus,2,48,Browser,
2023,Silaki,10,V3,GH050060,17:39,12:31,Siganus,argenteus,Siganus argenteus,1,0,Browser,
2023,Silaki,10,V3,GH050060,17:39,13:14,Melichthys,vidua,Melichthys vidua,1,2,Browser,
2023,Silaki,10,V3,GH050060,17:39,13:22,Naso,lituratus,Naso lituratus,2,23,Browser,
2023,Silaki,10,V3,GH050060,17:39,14:12,Acanthurus,nigrofuscus,Acanthurus nigrofuscus,1,3,Others,
2023,Silaki,10,V3,GH050060,17:39,15:11,Naso,lituratus,Naso lituratus,1,15,Browser,
2023,Silaki,10,V3,GH050060,17:39,16:13,Naso,lituratus,Naso lituratus,1,9,Browser,
2023,Silaki,10,V3,GH050060,17:39,16:49,Zebrasoma,scopas,Zebrasoma scopas,1,0,Others,
2023,Silaki,10,V3,GH050060,17:39,16:54,Chaetodon,kleinii,Chaetodon kleinii,2,0,Others,
2023,Silaki,10,V3,GH050060,17:39,17:01,Acanthurus,nigrofuscus,Acanthurus nigrofuscus,1,56,Others,
2023,Silaki,10,V3,GH050060,17:39,17:25,Naso,lituratus,Naso lituratus,1,15,Browser,
2023,Silaki,10,V3,GH060060,17:38,0:27,Naso,lituratus,Naso lituratus,1,10,Browser,
2023,Silaki,10,V3,GH060060,17:38,0:27,Zebrasoma,scopas,Zebrasoma scopas,2,0,Others,
2023,Silaki,10,V3,GH060060,17:38,1:41,Siganus,argenteus,Siganus argenteus,1,0,Browser,
2023,Silaki,10,V3,GH060060,17:38,2:28,Chlorurus,spilurus,Chlorurus spilurus,1,0,Others,
2023,Silaki,10,V3,GH060060,17:38,4:13,Naso,lituratus,Naso lituratus,1,21,Browser,
2023,Silaki,10,V3,GH060060,17:38,5:24,Siganus,argenteus,Siganus argenteus,1,0,Browser,
2023,Silaki,10,V3,GH060060,17:38,7:27,Naso,lituratus,Naso lituratus,1,0,Browser,
2023,Silaki,10,V3,GH060060,17:38,7:56,Naso,lituratus,Naso lituratus,1,6,Browser,
2023,Silaki,10,V3,GH060060,17:38,8:06,Naso,lituratus,Naso lituratus,1,24,Browser,
2023,Silaki,10,V3,GH060060,17:38,9:42,Melichthys,vidua,Melichthys vidua,1,3,Browser,
2023,Silaki,10,V3,GH060060,17:38,10:51,Siganus,argenteus,Siganus argenteus,1,0,Browser,
2023,Silaki,10,V3,GH060060,17:38,12:05,Chaetodon,kleinii,Chaetodon kleinii,1,0,Others,
2023,Silaki,10,V3,GH060060,17:38,12:29,Naso,lituratus,Naso lituratus,2,28,Browser,
2023,Silaki,10,V3,GH060060,17:38,12:33,Acanthurus,nigrofuscus,Acanthurus nigrofuscus,1,12,Others,
2023,Silaki,10,V3,GH060060,17:38,12:52,Chlorurus,spilurus,Chlorurus spilurus,1,0,Others,
2023,Silaki,10,V3,GH060060,17:38,12:56,Naso,lituratus,Naso lituratus,1,21,Browser,
2023,Silaki,10,V3,GH060060,17:38,12:56,Acanthurus,nigrofuscus,Acanthurus nigrofuscus,1,5,Others,
2023,Silaki,10,V3,GH060060,17:38,16:01,Chlorurus,spilurus,Chlorurus spilurus,1,9,Others,
2023,Silaki,10,V3,GH060060,17:38,17:36,Chaetodon,lunulatus,Chaetodon lunulatus,2,0,Others,
2023,Silaki,10,V3,GH070060,17:39,0:16,Naso,lituratus,Naso lituratus,3,14,Browser,
2023,Silaki,10,V3,GH070060,17:39,0:27,Siganus,argenteus,Siganus argenteus,1,0,Browser,
2023,Silaki,10,V3,GH070060,17:39,0:37,Acanthurus,nigrofuscus,Acanthurus nigrofuscus,1,0,Others,
2023,Silaki,10,V3,GH070060,17:39,1:52,Chlorurus,spilurus,Chlorurus spilurus,1,0,Others,
2023,Silaki,10,V3,GH070060,17:39,1:52,Naso,lituratus,Naso lituratus,2,11,Browser,
2023,Silaki,10,V3,GH070060,17:39,2:04,Chaetodon,kleinii,Chaetodon kleinii,1,0,Others,
2023,Silaki,10,V3,GH070060,17:39,2:12,Melichthys,vidua,Melichthys vidua,1,0,Browser,
2023,Silaki,10,V3,GH070060,17:39,3:18,Naso,lituratus,Naso lituratus,1,9,Browser,
2023,Silaki,10,V3,GH070060,17:39,4:55,Chaetodon,kleinii,Chaetodon kleinii,1,0,Others,
2023,Silaki,10,V3,GH070060,17:39,5:04,Naso,lituratus,Naso lituratus,3,16,Browser,
2023,Silaki,10,V3,GH070060,17:39,5:24,Acanthurus,nigrofuscus,Acanthurus nigrofuscus,1,0,Others,
2023,Silaki,10,V3,GH070060,17:39,5:49,Chlorurus,spilurus,Chlorurus spilurus,1,0,Others,
2023,Silaki,10,V3,GH070060,17:39,5:49,Scarus,niger,Scarus niger,1,0,Others,
2023,Silaki,10,V3,GH070060,17:39,6:16,Acanthurus,nigrofuscus,Acanthurus nigrofuscus,1,59,Others,
2023,Silaki,10,V3,GH070060,17:39,6:22,Naso,lituratus,Naso lituratus,1,23,Browser,
2023,Silaki,10,V3,GH070060,17:39,7:36,Naso,lituratus,Naso lituratus,1,24,Browser,
2023,Silaki,10,V3,GH070060,17:39,8:18,Chlorurus,spilurus,Chlorurus spilurus,1,3,Others,
2023,Silaki,10,V3,GH070060,17:39,10:34,Melichthys,vidua,Melichthys vidua,1,0,Browser,
2023,Silaki,10,V3,GH070060,17:39,11:25,Naso,lituratus,Naso lituratus,3,22,Browser,
2023,Silaki,10,V3,GH070060,17:39,12:41,Chaetodon,xanthurus,Chaetodon xanthurus,1,0,Others,
2023,Silaki,10,V3,GH070060,17:39,12:57,Naso,lituratus,Naso lituratus,1,5,Browser,
2023,Silaki,10,V3,GH070060,17:39,14:42,Naso,lituratus,Naso lituratus,1,12,Browser,
2023,Silaki,10,V3,GH070060,17:39,15:52,Siganus,argenteus,Siganus argenteus,1,0,Browser,
2023,Silaki,10,V3,GH070060,17:39,16:40,Acanthurus,nigrofuscus,Acanthurus nigrofuscus,1,37,Others,
2023,Silaki,10,V3,GH070060,17:39,17:06,Naso,lituratus,Naso lituratus,1,16,Browser,
2023,Silaki,10,V3,GH070060,17:39,17:10,Acanthurus,nigrofuscus,Acanthurus nigrofuscus,3,39,Others,
2023,Silaki,10,V3,GH080060,17:39,0:15,Melichthys,vidua,Melichthys vidua,1,0,Browser,
2023,Silaki,10,V3,GH080060,17:39,2:54,Naso,lituratus,Naso lituratus,3,52,Browser,
2023,Silaki,10,V3,GH080060,17:39,3:10,Acanthurus,nigrofuscus,Acanthurus nigrofuscus,2,14,Others,
2023,Silaki,10,V3,GH080060,17:39,5:26,Naso,lituratus,Naso lituratus,1,40,Browser,
2023,Silaki,10,V3,GH080060,17:39,11:13,Melichthys,vidua,Melichthys vidua,1,0,Browser,
2023,Silaki,10,V3,GH080060,17:39,11:16,Naso,lituratus,Naso lituratus,2,9,Browser,
2023,Silaki,10,V3,GH080060,17:39,11:26,Acanthurus,nigrofuscus,Acanthurus nigrofuscus,1,7,Others,
2023,Silaki,10,V3,GH080060,17:39,11:38,Chlorurus,spilurus,Chlorurus spilurus,1,0,Others,
2023,Silaki,10,V3,GH080060,17:39,11:45,Naso,lituratus,Naso lituratus,1,15,Browser,
2023,Silaki,10,V3,GH080060,17:39,12:12,Acanthurus,nigrofuscus,Acanthurus nigrofuscus,1,9,Others,
2023,Silaki,10,V3,GH080060,17:39,13:51,Naso,lituratus,Naso lituratus,1,36,Browser,
2023,Silaki,10,V3,GH080060,17:39,17:07,Zanclus,cornutus,Zanclus cornutus,1,0,Others,
2023,Silaki,10,V3,GH090060,17:38,0:56,Acanthurus,nigrofuscus,Acanthurus nigrofuscus,1,0,Others,
2023,Silaki,10,V3,GH090060,17:38,10:24,Cheilinus,chlorourus,Cheilinus chlorourus,1,0,Others,
2023,Silaki,10,V3,GH090060,17:38,10:49,Acanthurus,nigrofuscus,Acanthurus nigrofuscus,1,0,Others,
2023,Silaki,10,V3,GH090060,17:38,12:31,Cheilinus,chlorourus,Cheilinus chlorourus,2,0,Others,
2023,Silaki,10,V3,GH090060,17:38,12:46,Acanthurus,nigrofuscus,Acanthurus nigrofuscus,1,0,Others,
2023,Silaki,20,V1,GH010095,17:38,-,-,-,- -,-,0,None,
2023,Silaki,20,V1,GH020095,17:39,-,-,-,- -,-,0,None,
2023,Silaki,20,V1,GH030095,17:39,-,-,-,- -,-,0,None,
2023,Silaki,20,V1,GH040095,17:39,-,-,-,- -,-,0,None,
2023,Silaki,20,V1,GH050095,17:39,-,-,-,- -,-,0,None,
2023,Silaki,20,V1,GH060095,17:38,-,-,-,- -,-,0,None,
2023,Silaki,20,V2,GH010071,11:47,5:32,Sufflamen,chrysopterus,Sufflamen chrysopterus,1,0,Others,
2023,Silaki,20,V2,GH020071,11:47,1:14,Acanthurus,nigrofuscus,Acanthurus nigrofuscus,3,0,Others,
2023,Silaki,20,V2,GH020071,11:47,4:30,Acanthurus,nigrofuscus,Acanthurus nigrofuscus,1,0,Others,
2023,Silaki,20,V2,GH020071,11:47,5:10,Naso,unicornis,Naso unicornis,3,0,Browser,
2023,Silaki,20,V2,GH020071,11:47,6:05,Acanthurus,nigrofuscus,Acanthurus nigrofuscus,2,0,Others,
2023,Silaki,20,V2,GH020071,11:47,6:37,Parupeneus,barberinus,Parupeneus barberinus,1,0,Others,
2023,Silaki,20,V2,GH020071,11:47,7:31,Acanthurus,nigrofuscus,Acanthurus nigrofuscus,1,0,Others,
2023,Silaki,20,V2,GH020071,11:47,11:03,Acanthurus,nigrofuscus,Acanthurus nigrofuscus,2,0,Others,
2023,Silaki,20,V2,GH030071,11:47,4:03,Acanthurus,nigrofuscus,Acanthurus nigrofuscus,3,6,Others,
2023,Silaki,20,V2,GH030071,11:47,8:02,Acanthurus,nigrofuscus,Acanthurus nigrofuscus,2,0,Others,
2023,Silaki,20,V2,GH030071,11:47,11:13,Halichoeres,hortulatus,Halichoeres hortulatus,1,0,Others,
2023,Silaki,20,V2,GH040071,11:47,2:26,Acanthurus,nigrofuscus,Acanthurus nigrofuscus,2,0,Others,
2023,Silaki,20,V2,GH040071,11:47,7:17,Oxycheilinus,digramma,Oxycheilinus digramma,1,0,Others,
2023,Silaki,20,V2,GH040071,11:47,8:40,Acanthurus,nigrofuscus,Acanthurus nigrofuscus,2,0,Others,
2023,Silaki,20,V2,GH050071,11:47,0:04,Acanthurus,nigrofuscus,Acanthurus nigrofuscus,2,0,Others,
2023,Silaki,20,V2,GH050071,11:47,4:49,Acanthurus,nigrofuscus,Acanthurus nigrofuscus,1,0,Others,
2023,Silaki,20,V2,GH050071,11:47,6:10,Acanthurus,nigrofuscus,Acanthurus nigrofuscus,1,0,Others,
2023,Silaki,20,V2,GH050071,11:47,8:09,Chlorurus,spilurus,Chlorurus spilurus,1,0,Others,
2023,Silaki,20,V2,GH050071,11:47,8:44,Acanthurus,nigrofuscus,Acanthurus nigrofuscus,3,9,Others,
2023,Silaki,20,V2,GH050071,11:47,11:04,Chaetodon,xanthurus,Chaetodon xanthurus,2,0,Others,
2023,Silaki,20,V2,GH060071,11:47,0:47,Acanthurus,nigrofuscus,Acanthurus nigrofuscus,1,0,Others,
2023,Silaki,20,V2,GH060071,11:47,1:01,Acanthurus,nigrofuscus,Acanthurus nigrofuscus,1,0,Others,
2023,Silaki,20,V2,GH060071,11:47,1:01,Sufflamen,chrysopterus,Sufflamen chrysopterus,1,0,Others,
2023,Silaki,20,V2,GH060071,11:47,7:15,Acanthurus,nigrofuscus,Acanthurus nigrofuscus,2,2,Others,
2023,Silaki,20,V2,GH060071,11:47,11:47,Acanthurus,nigrofuscus,Acanthurus nigrofuscus,2,0,Others,
2023,Silaki,20,V2,GH070071,11:47,2:14,Chaetodon,kleinii,Chaetodon kleinii,1,0,Others,
2023,Silaki,20,V2,GH070071,11:47,3:13,Acanthurus,nigrofuscus,Acanthurus nigrofuscus,3,0,Others,
2023,Silaki,20,V2,GH080071,11:47,5:45,Acanthurus,nigrofuscus,Acanthurus nigrofuscus,1,0,Others,
2023,Silaki,20,V2,GH080071,11:47,7:50,Acanthurus,nigrofuscus,Acanthurus nigrofuscus,1,0,Others,
2023,Silaki,20,V2,GH090071,10:37,3:54,Acanthurus,nigrofuscus,Acanthurus nigrofuscus,2,0,Others,
2023,Silaki,20,V2,GH090071,10:37,4:41,Arothron,nigropunctatus,Arothron nigropunctatus,1,0,Others,
2023,Silaki,20,V2,GH090071,10:37,6:48,Sufflamen,chrysopterus,Sufflamen chrysopterus,1,0,Others,
2023,Silaki,30,V1,GH010074,17:38,3:44,Chaetodon,vagabundus,Chaetodon vagabundus,1,0,Others,
2023,Silaki,30,V1,GH010074,17:38,6:18,Pentapodus,bifasciatum,Pentapodus bifasciatum,1,0,Others,
2023,Silaki,30,V1,GH010074,17:38,7:31,Oxycheilinus,digramma,Oxycheilinus digramma,1,0,Others,
2023,Silaki,30,V1,GH010074,17:38,13:22,Sufflamen,bursa,Sufflamen bursa,1,0,Others,
2023,Silaki,30,V1,GH010074,17:38,14:48,Arothron,nigropunctatus,Arothron nigropunctatus,1,0,Others,
2023,Silaki,30,V1,GH010074,17:38,16:30,Sufflamen,chrysopterus,Sufflamen chrysopterus,1,0,Others,
2023,Silaki,30,V1,GH020074,17:38,2:06,Parupeneus,multifasciatus,Parupeneus multifasciatus,1,0,Others,
2023,Silaki,30,V1,GH020074,17:38,5:37,Chlorurus,spilurus,Chlorurus spilurus,1,0,Others,
2023,Silaki,30,V1,GH020074,17:38,6:13,Siganus,doliatus,Siganus doliatus,2,0,Browser,
2023,Silaki,30,V1,GH020074,17:38,8:14,Arothron,nigropunctatus,Arothron nigropunctatus,1,0,Others,
2023,Silaki,30,V1,GH020074,17:38,9:37,Sufflamen,bursa,Sufflamen bursa,1,0,Others,
2023,Silaki,30,V1,GH020074,17:38,13:03,Gymnosarda,unicolor,Gymnosarda unicolor,4,0,Others,
2023,Silaki,30,V1,GH030074,17:39,1:04,Parupeneus,multifasciatus,Parupeneus multifasciatus,1,0,Others,
2023,Silaki,30,V1,GH030074,17:39,5:00,Hipposcarus,longiceps,Hipposcarus longiceps,1,0,Others,
2023,Silaki,30,V1,GH030074,17:39,5:29,Sufflamen,chrysopterus,Sufflamen chrysopterus,1,0,Others,
2023,Silaki,30,V1,GH030074,17:39,8:48,Cheilinus,chlorourus,Cheilinus chlorourus,1,0,Others,
2023,Silaki,30,V1,GH030074,17:39,17:05,Parupeneus,multifasciatus,Parupeneus multifasciatus,3,0,Others,
2023,Silaki,30,V1,GH040074,17:38,0:20,Sufflamen,chrysopterus,Sufflamen chrysopterus,1,0,Others,
2023,Silaki,30,V1,GH040074,17:38,2:53,Oxycheilinus,digramma,Oxycheilinus digramma,1,0,Others,
2023,Silaki,30,V1,GH040074,17:38,5:00,Hipposcarus,longiceps,Hipposcarus longiceps,1,0,Others,
2023,Silaki,30,V1,GH040074,17:38,7:33,Parupeneus,multifasciatus,Parupeneus multifasciatus,2,0,Others,
2023,Silaki,30,V1,GH040074,17:38,7:57,Acanthurus,nigrofuscus,Acanthurus nigrofuscus,1,39,Others,
2023,Silaki,30,V1,GH040074,17:38,7:57,Scarus,niger,Scarus niger,1,12,Others,
2023,Silaki,30,V1,GH040074,17:38,8:34,Parupeneus,multifasciatus,Parupeneus multifasciatus,2,0,Others,
2023,Silaki,30,V1,GH050074,17:38,6:23,Scarus,ghobban,Scarus ghobban,1,0,Others,
2023,Silaki,30,V1,GH050074,17:38,9:18,Scarus,ghobban,Scarus ghobban,1,0,Others,
2023,Silaki,30,V1,GH050074,17:38,9:30,Parupeneus,multifasciatus,Parupeneus multifasciatus,2,0,Others,
2023,Silaki,30,V1,GH050074,17:38,9:48,Parupeneus,barberinus,Parupeneus barberinus,1,0,Others,
2023,Silaki,30,V1,GH050074,17:38,10:50,Scarus,ghobban,Scarus ghobban,1,188,Others,
2023,Silaki,30,V1,GH060074,17:38,5:08,Sufflamen,chrysopterus,Sufflamen chrysopterus,1,0,Others,
2023,Silaki,30,V1,GH060074,17:38,5:08,Parupeneus,multifasciatus,Parupeneus multifasciatus,2,0,Others,
2023,Silaki,30,V1,GH060074,17:38,7:20,Scarus,ghobban,Scarus ghobban,1,0,Others,
2023,Silaki,30,V1,GH060074,17:38,7:38,Cheilinus,chlorourus,Cheilinus chlorourus,1,0,Others,
2023,Silaki,30,V1,GH060074,17:38,17:13,Siganus,doliatus,Siganus doliatus,2,1,Browser,
2023,Silaki,30,V1,GH070074,17:38,0:03,Scarus,ghobban,Scarus ghobban,2,0,Others,
2023,Silaki,30,V1,GH070074,17:38,0:43,Chaetodon,xanthurus,Chaetodon xanthurus,1,0,Others,
2023,Silaki,30,V1,GH070074,17:38,1:54,Scarus,ghobban,Scarus ghobban,2,0,Others,
2023,Silaki,30,V1,GH070074,17:38,1:54,Siganus,doliatus,Siganus doliatus,2,0,Browser,
2023,Silaki,30,V1,GH070074,17:38,1:54,Cetoscarus,bicolor,Cetoscarus bicolor,1,0,Others,
2023,Silaki,30,V1,GH070074,17:38,9:20,Balistoides,viridescens,Balistoides viridescens,1,0,Others,
2023,Silaki,30,V1,GH080074,17:39,-,-,-,- -,-,0,None,
2023,Silaki,30,V1,GH090074,17:38,7:25,Parupeneus,multifasciatus,Parupeneus multifasciatus,2,0,Others,
2023,Silaki,30,V1,GH090074,17:38,8:42,Caranx,sexfasciatus,Caranx sexfasciatus,1,0,Others,
2023,Silaki,30,V1,GH090074,17:38,15:57,Sufflamen,bursa,Sufflamen bursa,1,0,Others,
2023,Silaki,30,V1,GH090074,17:38,16:18,Sufflamen,chrysopterus,Sufflamen chrysopterus,1,0,Others,
2023,Silaki,30,V1,GH090074,17:38,17:37,Chaetodon,kleinii,Chaetodon kleinii,1,0,Others,
2023,Silaki,30,V1,GH100074,17:38,0:25,Siganus,doliatus,Siganus doliatus,2,7,Browser,
2023,Silaki,30,V1,GH100074,17:38,1:40,Chaetodon,kleinii,Chaetodon kleinii,2,0,Others,
2023,Silaki,30,V1,GH100074,17:38,9:18,Parupeneus,barberinus,Parupeneus barberinus,1,0,Others,
2023,Silaki,30,V1,GH110074,17:38,-,-,-,- -,-,0,None,
2023,Silaki,30,V1,GH120074,17:39,3:55,Sufflamen,chrysopterus,Sufflamen chrysopterus,1,0,Others,
2023,Silaki,30,V1,GH120074,17:39,4:19,Sufflamen,bursa,Sufflamen bursa,2,0,Others,
2023,Silaki,30,V1,GH130074,17:38,-,-,-,- -,-,0,None,
2023,Silaki,30,V1,GH140074,17:38,-,-,-,- -,-,0,None,
2023,Silaki,30,V1,GH150074,4:56,-,-,-,- -,-,0,None,
2023,Silaki,30,V2,GH010075,11:47,5:03,Naso,unicornis,Naso unicornis,4,0,Browser,
2023,Silaki,30,V2,GH020075,11:47,-,-,-,- -,-,0,None,
2023,Silaki,30,V2,GH030075,11:47,7:47,Parupeneus,barberinus,Parupeneus barberinus,1,0,Others,
2023,Silaki,30,V2,GH040075,11:47,8:56,Caranx,sexfasciatus,Caranx sexfasciatus,1,0,Others,
2023,Silaki,30,V2,GH050075,11:47,9:48,Parupeneus,barberinus,Parupeneus barberinus,1,0,Others,
2023,Silaki,30,V2,GH050075,11:47,10:28,Caranx,sexfasciatus,Caranx sexfasciatus,1,0,Others,
2023,Silaki,30,V2,GH060075,11:47,9:57,Parupeneus,barberinus,Parupeneus barberinus,2,0,Others,
2023,Silaki,30,V2,GH060075,11:47,10:34,Caranx,sexfasciatus,Caranx sexfasciatus,2,0,Others,
2023,Silaki,30,V2,GH070075,11:47,-,-,-,- -,-,0,None,
2023,Silaki,30,V2,GH080075,11:47,-,-,-,- -,-,0,None,
2023,Silaki,30,V2,GH090075,11:47,-,-,-,- -,-,0,None,
2023,Silaki,30,V2,GH100075,11:47,8:47,Parupeneus,cyclostomus,Parupeneus cyclostomus,4,0,Others,
2023,Silaki,30,V2,GH110075,11:47,-,-,-,- -,-,0,None,
2023,Silaki,30,V2,GH120075,11:47,-,-,-,- -,-,0,None,
2023,Silaki,30,V2,GH130075,11:47,-,-,-,- -,-,0,None,
2023,Silaki,30,V2,GH140075,11:47,-,-,-,- -,-,0,None,
2023,Silaki,30,V2,GH150075,11:47,4:39,Lethrinus,olivaceus,Lethrinus olivaceus,1,0,Others,
2023,Silaki,30,V2,GH160075,11:47,5:24,Platax,teira,Platax teira,1,0,Browser,
2023,Silaki,30,V2,GH170075,11:47,3:35,Parupeneus,cyclostomus,Parupeneus cyclostomus,6,0,Others,
2023,Silaki,30,V2,GH170075,11:47,11:28,Naso,unicornis,Naso unicornis,1,0,Browser,
2023,Silaki,30,V2,GH180075,11:47,11:02,Thalassoma,hardwicke,Thalassoma hardwicke,1,0,Others,
2023,Silaki,30,V3,GH010098,17:38,7:49,Chaetodon,auriga,Chaetodon auriga,2,0,Others,
2023,Silaki,30,V3,GH020098,17:38,0:30,Naso,unicornis,Naso unicornis,1,0,Browser,
2023,Silaki,30,V3,GH020098,17:38,10:06,Parupeneus,cyclostomus,Parupeneus cyclostomus,1,0,Others,
2023,Silaki,30,V3,GH020098,17:38,13:55,Parupeneus,multifasciatus,Parupeneus multifasciatus,1,0,Others,
2023,Silaki,30,V3,GH030098,17:38,1:28,Caranx,sexfasciatus,Caranx sexfasciatus,1,0,Others,
2023,Silaki,30,V3,GH030098,17:38,12:31,Sufflamen,chrysopterus,Sufflamen chrysopterus,1,0,Others,
2023,Silaki,30,V3,GH040098,17:39,3:24,Parupeneus,cyclostomus,Parupeneus cyclostomus,1,0,Others,
2023,Silaki,30,V3,GH050098,17:39,12:40,Parupeneus,cyclostomus,Parupeneus cyclostomus,3,0,Others,
2023,Silaki,30,V3,GH060098,17:39,4:23,Parupeneus,multifasciatus,Parupeneus multifasciatus,1,0,Others,
2023,Silaki,30,V3,GH060098,17:39,6:55,Naso,unicornis,Naso unicornis,1,0,Browser,
2023,Silaki,30,V3,GH070098,3:16,-,-,-,- -,-,0,None,
